data_date,source_url,table_idx,table_section,row,col,header_top,header_left,value
2025-05-28,https://mofe.go.kr/st/ecnmyidx/detailTbEconomyIndicatorView.do?bbsId=MOSFBBS_000000000045&searchNttId1=MOSF_000000000073989&menuNo=6010200,0,,0,0,,,일일경제지표 (25. 5. 28) 17:30 현재
2025-05-28,https://mofe.go.kr/st/ecnmyidx/detailTbEconomyIndicatorView.do?bbsId=MOSFBBS_000000000045&searchNttId1=MOSF_000000000073989&menuNo=6010200,1,금리,0,0,,,
2025-05-28,https://mofe.go.kr/st/ecnmyidx/detailTbEconomyIndicatorView.do?bbsId=MOSFBBS_000000000045&searchNttId1=MOSF_000000000073989&menuNo=6010200,1,금리,0,1,,,’ 23말
2025-05-28,https://mofe.go.kr/st/ecnmyidx/detailTbEconomyIndicatorView.do?bbsId=MOSFBBS_000000000045&searchNttId1=MOSF_000000000073989&menuNo=6010200,1,금리,0,2,,,’ 24말
2025-05-28,https://mofe.go.kr/st/ecnmyidx/detailTbEconomyIndicatorView.do?bbsId=MOSFBBS_000000000045&searchNttId1=MOSF_000000000073989&menuNo=6010200,1,금리,0,3,,,’ 25.4말
2025-05-28,https://mofe.go.kr/st/ecnmyidx/detailTbEconomyIndicatorView.do?bbsId=MOSFBBS_000000000045&searchNttId1=MOSF_000000000073989&menuNo=6010200,1,금리,0,4,,,5/26
2025-05-28,https://mofe.go.kr/st/ecnmyidx/detailTbEconomyIndicatorView.do?bbsId=MOSFBBS_000000000045&searchNttId1=MOSF_000000000073989&menuNo=6010200,1,금리,0,5,,,5/27
2025-05-28,https://mofe.go.kr/st/ecnmyidx/detailTbEconomyIndicatorView.do?bbsId=MOSFBBS_000000000045&searchNttId1=MOSF_000000000073989&menuNo=6010200,1,금리,0,6,,,5/28
2025-05-28,https://mofe.go.kr/st/ecnmyidx/detailTbEconomyIndicatorView.do?bbsId=MOSFBBS_000000000045&searchNttId1=MOSF_000000000073989&menuNo=6010200,1,금리,0,7,,,전일비
2025-05-28,https://mofe.go.kr/st/ecnmyidx/detailTbEconomyIndicatorView.do?bbsId=MOSFBBS_000000000045&searchNttId1=MOSF_000000000073989&menuNo=6010200,1,금리,0,8,,,24말비
2025-05-28,https://mofe.go.kr/st/ecnmyidx/detailTbEconomyIndicatorView.do?bbsId=MOSFBBS_000000000045&searchNttId1=MOSF_000000000073989&menuNo=6010200,1,금리,1,0,,,콜금리 (1일.%)
2025-05-28,https://mofe.go.kr/st/ecnmyidx/detailTbEconomyIndicatorView.do?bbsId=MOSFBBS_000000000045&searchNttId1=MOSF_000000000073989&menuNo=6010200,1,금리,1,1,’ 23말,콜금리 (1일.%),3.55
2025-05-28,https://mofe.go.kr/st/ecnmyidx/detailTbEconomyIndicatorView.do?bbsId=MOSFBBS_000000000045&searchNttId1=MOSF_000000000073989&menuNo=6010200,1,금리,1,2,’ 24말,콜금리 (1일.%),3.10
2025-05-28,https://mofe.go.kr/st/ecnmyidx/detailTbEconomyIndicatorView.do?bbsId=MOSFBBS_000000000045&searchNttId1=MOSF_000000000073989&menuNo=6010200,1,금리,1,3,’ 25.4말,콜금리 (1일.%),2.76
2025-05-28,https://mofe.go.kr/st/ecnmyidx/detailTbEconomyIndicatorView.do?bbsId=MOSFBBS_000000000045&searchNttId1=MOSF_000000000073989&menuNo=6010200,1,금리,1,4,5/26,콜금리 (1일.%),2.77
2025-05-28,https://mofe.go.kr/st/ecnmyidx/detailTbEconomyIndicatorView.do?bbsId=MOSFBBS_000000000045&searchNttId1=MOSF_000000000073989&menuNo=6010200,1,금리,1,5,5/27,콜금리 (1일.%),2.77
2025-05-28,https://mofe.go.kr/st/ecnmyidx/detailTbEconomyIndicatorView.do?bbsId=MOSFBBS_000000000045&searchNttId1=MOSF_000000000073989&menuNo=6010200,1,금리,1,6,5/28,콜금리 (1일.%),2.75
2025-05-28,https://mofe.go.kr/st/ecnmyidx/detailTbEconomyIndicatorView.do?bbsId=MOSFBBS_000000000045&searchNttId1=MOSF_000000000073989&menuNo=6010200,1,금리,1,7,전일비,콜금리 (1일.%),△0.02
2025-05-28,https://mofe.go.kr/st/ecnmyidx/detailTbEconomyIndicatorView.do?bbsId=MOSFBBS_000000000045&searchNttId1=MOSF_000000000073989&menuNo=6010200,1,금리,1,8,24말비,콜금리 (1일.%),△0.35
2025-05-28,https://mofe.go.kr/st/ecnmyidx/detailTbEconomyIndicatorView.do?bbsId=MOSFBBS_000000000045&searchNttId1=MOSF_000000000073989&menuNo=6010200,1,금리,2,0,,,"CD (91 일, %)"
2025-05-28,https://mofe.go.kr/st/ecnmyidx/detailTbEconomyIndicatorView.do?bbsId=MOSFBBS_000000000045&searchNttId1=MOSF_000000000073989&menuNo=6010200,1,금리,2,1,’ 23말,"CD (91 일, %)",3.83
2025-05-28,https://mofe.go.kr/st/ecnmyidx/detailTbEconomyIndicatorView.do?bbsId=MOSFBBS_000000000045&searchNttId1=MOSF_000000000073989&menuNo=6010200,1,금리,2,2,’ 24말,"CD (91 일, %)",3.44
2025-05-28,https://mofe.go.kr/st/ecnmyidx/detailTbEconomyIndicatorView.do?bbsId=MOSFBBS_000000000045&searchNttId1=MOSF_000000000073989&menuNo=6010200,1,금리,2,3,’ 25.4말,"CD (91 일, %)",2.71
2025-05-28,https://mofe.go.kr/st/ecnmyidx/detailTbEconomyIndicatorView.do?bbsId=MOSFBBS_000000000045&searchNttId1=MOSF_000000000073989&menuNo=6010200,1,금리,2,4,5/26,"CD (91 일, %)",2.67
2025-05-28,https://mofe.go.kr/st/ecnmyidx/detailTbEconomyIndicatorView.do?bbsId=MOSFBBS_000000000045&searchNttId1=MOSF_000000000073989&menuNo=6010200,1,금리,2,5,5/27,"CD (91 일, %)",2.66
2025-05-28,https://mofe.go.kr/st/ecnmyidx/detailTbEconomyIndicatorView.do?bbsId=MOSFBBS_000000000045&searchNttId1=MOSF_000000000073989&menuNo=6010200,1,금리,2,6,5/28,"CD (91 일, %)",2.63
2025-05-28,https://mofe.go.kr/st/ecnmyidx/detailTbEconomyIndicatorView.do?bbsId=MOSFBBS_000000000045&searchNttId1=MOSF_000000000073989&menuNo=6010200,1,금리,2,7,전일비,"CD (91 일, %)",△0.03
2025-05-28,https://mofe.go.kr/st/ecnmyidx/detailTbEconomyIndicatorView.do?bbsId=MOSFBBS_000000000045&searchNttId1=MOSF_000000000073989&menuNo=6010200,1,금리,2,8,24말비,"CD (91 일, %)",△0.81
2025-05-28,https://mofe.go.kr/st/ecnmyidx/detailTbEconomyIndicatorView.do?bbsId=MOSFBBS_000000000045&searchNttId1=MOSF_000000000073989&menuNo=6010200,1,금리,3,0,,,"국고채 (3년, %)"
2025-05-28,https://mofe.go.kr/st/ecnmyidx/detailTbEconomyIndicatorView.do?bbsId=MOSFBBS_000000000045&searchNttId1=MOSF_000000000073989&menuNo=6010200,1,금리,3,1,’ 23말,"국고채 (3년, %)",3.15
2025-05-28,https://mofe.go.kr/st/ecnmyidx/detailTbEconomyIndicatorView.do?bbsId=MOSFBBS_000000000045&searchNttId1=MOSF_000000000073989&menuNo=6010200,1,금리,3,2,’ 24말,"국고채 (3년, %)",2.60
2025-05-28,https://mofe.go.kr/st/ecnmyidx/detailTbEconomyIndicatorView.do?bbsId=MOSFBBS_000000000045&searchNttId1=MOSF_000000000073989&menuNo=6010200,1,금리,3,3,’ 25.4말,"국고채 (3년, %)",2.27
2025-05-28,https://mofe.go.kr/st/ecnmyidx/detailTbEconomyIndicatorView.do?bbsId=MOSFBBS_000000000045&searchNttId1=MOSF_000000000073989&menuNo=6010200,1,금리,3,4,5/26,"국고채 (3년, %)",2.35
2025-05-28,https://mofe.go.kr/st/ecnmyidx/detailTbEconomyIndicatorView.do?bbsId=MOSFBBS_000000000045&searchNttId1=MOSF_000000000073989&menuNo=6010200,1,금리,3,5,5/27,"국고채 (3년, %)",2.34
2025-05-28,https://mofe.go.kr/st/ecnmyidx/detailTbEconomyIndicatorView.do?bbsId=MOSFBBS_000000000045&searchNttId1=MOSF_000000000073989&menuNo=6010200,1,금리,3,6,5/28,"국고채 (3년, %)",2.31
2025-05-28,https://mofe.go.kr/st/ecnmyidx/detailTbEconomyIndicatorView.do?bbsId=MOSFBBS_000000000045&searchNttId1=MOSF_000000000073989&menuNo=6010200,1,금리,3,7,전일비,"국고채 (3년, %)",△0.03
2025-05-28,https://mofe.go.kr/st/ecnmyidx/detailTbEconomyIndicatorView.do?bbsId=MOSFBBS_000000000045&searchNttId1=MOSF_000000000073989&menuNo=6010200,1,금리,3,8,24말비,"국고채 (3년, %)",△0.28
2025-05-28,https://mofe.go.kr/st/ecnmyidx/detailTbEconomyIndicatorView.do?bbsId=MOSFBBS_000000000045&searchNttId1=MOSF_000000000073989&menuNo=6010200,1,금리,4,0,,,"회사채 (3년, AA-, %)"
2025-05-28,https://mofe.go.kr/st/ecnmyidx/detailTbEconomyIndicatorView.do?bbsId=MOSFBBS_000000000045&searchNttId1=MOSF_000000000073989&menuNo=6010200,1,금리,4,1,’ 23말,"회사채 (3년, AA-, %)",3.90
2025-05-28,https://mofe.go.kr/st/ecnmyidx/detailTbEconomyIndicatorView.do?bbsId=MOSFBBS_000000000045&searchNttId1=MOSF_000000000073989&menuNo=6010200,1,금리,4,2,’ 24말,"회사채 (3년, AA-, %)",3.29
2025-05-28,https://mofe.go.kr/st/ecnmyidx/detailTbEconomyIndicatorView.do?bbsId=MOSFBBS_000000000045&searchNttId1=MOSF_000000000073989&menuNo=6010200,1,금리,4,3,’ 25.4말,"회사채 (3년, AA-, %)",2.87
2025-05-28,https://mofe.go.kr/st/ecnmyidx/detailTbEconomyIndicatorView.do?bbsId=MOSFBBS_000000000045&searchNttId1=MOSF_000000000073989&menuNo=6010200,1,금리,4,4,5/26,"회사채 (3년, AA-, %)",2.93
2025-05-28,https://mofe.go.kr/st/ecnmyidx/detailTbEconomyIndicatorView.do?bbsId=MOSFBBS_000000000045&searchNttId1=MOSF_000000000073989&menuNo=6010200,1,금리,4,5,5/27,"회사채 (3년, AA-, %)",2.91
2025-05-28,https://mofe.go.kr/st/ecnmyidx/detailTbEconomyIndicatorView.do?bbsId=MOSFBBS_000000000045&searchNttId1=MOSF_000000000073989&menuNo=6010200,1,금리,4,6,5/28,"회사채 (3년, AA-, %)",2.89
2025-05-28,https://mofe.go.kr/st/ecnmyidx/detailTbEconomyIndicatorView.do?bbsId=MOSFBBS_000000000045&searchNttId1=MOSF_000000000073989&menuNo=6010200,1,금리,4,7,전일비,"회사채 (3년, AA-, %)",△0.02
2025-05-28,https://mofe.go.kr/st/ecnmyidx/detailTbEconomyIndicatorView.do?bbsId=MOSFBBS_000000000045&searchNttId1=MOSF_000000000073989&menuNo=6010200,1,금리,4,8,24말비,"회사채 (3년, AA-, %)",△0.39
2025-05-28,https://mofe.go.kr/st/ecnmyidx/detailTbEconomyIndicatorView.do?bbsId=MOSFBBS_000000000045&searchNttId1=MOSF_000000000073989&menuNo=6010200,1,금리,5,0,,,"외국인 채권 순매수 * (상장, 억원)"
2025-05-28,https://mofe.go.kr/st/ecnmyidx/detailTbEconomyIndicatorView.do?bbsId=MOSFBBS_000000000045&searchNttId1=MOSF_000000000073989&menuNo=6010200,1,금리,5,1,’ 23말,"외국인 채권 순매수 * (상장, 억원)",△406
2025-05-28,https://mofe.go.kr/st/ecnmyidx/detailTbEconomyIndicatorView.do?bbsId=MOSFBBS_000000000045&searchNttId1=MOSF_000000000073989&menuNo=6010200,1,금리,5,2,’ 24말,"외국인 채권 순매수 * (상장, 억원)","3,200"
2025-05-28,https://mofe.go.kr/st/ecnmyidx/detailTbEconomyIndicatorView.do?bbsId=MOSFBBS_000000000045&searchNttId1=MOSF_000000000073989&menuNo=6010200,1,금리,5,3,’ 25.4말,"외국인 채권 순매수 * (상장, 억원)","8,892"
2025-05-28,https://mofe.go.kr/st/ecnmyidx/detailTbEconomyIndicatorView.do?bbsId=MOSFBBS_000000000045&searchNttId1=MOSF_000000000073989&menuNo=6010200,1,금리,5,4,5/26,"외국인 채권 순매수 * (상장, 억원)","2,376"
2025-05-28,https://mofe.go.kr/st/ecnmyidx/detailTbEconomyIndicatorView.do?bbsId=MOSFBBS_000000000045&searchNttId1=MOSF_000000000073989&menuNo=6010200,1,금리,5,5,5/27,"외국인 채권 순매수 * (상장, 억원)","11,030"
2025-05-28,https://mofe.go.kr/st/ecnmyidx/detailTbEconomyIndicatorView.do?bbsId=MOSFBBS_000000000045&searchNttId1=MOSF_000000000073989&menuNo=6010200,1,금리,5,6,5/28,"외국인 채권 순매수 * (상장, 억원)","11,984"
2025-05-28,https://mofe.go.kr/st/ecnmyidx/detailTbEconomyIndicatorView.do?bbsId=MOSFBBS_000000000045&searchNttId1=MOSF_000000000073989&menuNo=6010200,1,금리,5,7,전일비,"외국인 채권 순매수 * (상장, 억원)",954
2025-05-28,https://mofe.go.kr/st/ecnmyidx/detailTbEconomyIndicatorView.do?bbsId=MOSFBBS_000000000045&searchNttId1=MOSF_000000000073989&menuNo=6010200,1,금리,5,8,24말비,"외국인 채권 순매수 * (상장, 억원)",-
2025-05-28,https://mofe.go.kr/st/ecnmyidx/detailTbEconomyIndicatorView.do?bbsId=MOSFBBS_000000000045&searchNttId1=MOSF_000000000073989&menuNo=6010200,2,주가,0,0,,,
2025-05-28,https://mofe.go.kr/st/ecnmyidx/detailTbEconomyIndicatorView.do?bbsId=MOSFBBS_000000000045&searchNttId1=MOSF_000000000073989&menuNo=6010200,2,주가,0,1,,,’ 23말
2025-05-28,https://mofe.go.kr/st/ecnmyidx/detailTbEconomyIndicatorView.do?bbsId=MOSFBBS_000000000045&searchNttId1=MOSF_000000000073989&menuNo=6010200,2,주가,0,2,,,’ 24말
2025-05-28,https://mofe.go.kr/st/ecnmyidx/detailTbEconomyIndicatorView.do?bbsId=MOSFBBS_000000000045&searchNttId1=MOSF_000000000073989&menuNo=6010200,2,주가,0,3,,,’ 25.4말
2025-05-28,https://mofe.go.kr/st/ecnmyidx/detailTbEconomyIndicatorView.do?bbsId=MOSFBBS_000000000045&searchNttId1=MOSF_000000000073989&menuNo=6010200,2,주가,0,4,,,5/26
2025-05-28,https://mofe.go.kr/st/ecnmyidx/detailTbEconomyIndicatorView.do?bbsId=MOSFBBS_000000000045&searchNttId1=MOSF_000000000073989&menuNo=6010200,2,주가,0,5,,,5/27
2025-05-28,https://mofe.go.kr/st/ecnmyidx/detailTbEconomyIndicatorView.do?bbsId=MOSFBBS_000000000045&searchNttId1=MOSF_000000000073989&menuNo=6010200,2,주가,0,6,,,5/28
2025-05-28,https://mofe.go.kr/st/ecnmyidx/detailTbEconomyIndicatorView.do?bbsId=MOSFBBS_000000000045&searchNttId1=MOSF_000000000073989&menuNo=6010200,2,주가,0,7,,,전일비
2025-05-28,https://mofe.go.kr/st/ecnmyidx/detailTbEconomyIndicatorView.do?bbsId=MOSFBBS_000000000045&searchNttId1=MOSF_000000000073989&menuNo=6010200,2,주가,0,8,,,24말비
2025-05-28,https://mofe.go.kr/st/ecnmyidx/detailTbEconomyIndicatorView.do?bbsId=MOSFBBS_000000000045&searchNttId1=MOSF_000000000073989&menuNo=6010200,2,주가,1,0,,,KOSPI
2025-05-28,https://mofe.go.kr/st/ecnmyidx/detailTbEconomyIndicatorView.do?bbsId=MOSFBBS_000000000045&searchNttId1=MOSF_000000000073989&menuNo=6010200,2,주가,1,1,’ 23말,KOSPI,"2,655.28"
2025-05-28,https://mofe.go.kr/st/ecnmyidx/detailTbEconomyIndicatorView.do?bbsId=MOSFBBS_000000000045&searchNttId1=MOSF_000000000073989&menuNo=6010200,2,주가,1,2,’ 24말,KOSPI,"2,399.49"
2025-05-28,https://mofe.go.kr/st/ecnmyidx/detailTbEconomyIndicatorView.do?bbsId=MOSFBBS_000000000045&searchNttId1=MOSF_000000000073989&menuNo=6010200,2,주가,1,3,’ 25.4말,KOSPI,"2,556.61"
2025-05-28,https://mofe.go.kr/st/ecnmyidx/detailTbEconomyIndicatorView.do?bbsId=MOSFBBS_000000000045&searchNttId1=MOSF_000000000073989&menuNo=6010200,2,주가,1,4,5/26,KOSPI,"2,644.40"
2025-05-28,https://mofe.go.kr/st/ecnmyidx/detailTbEconomyIndicatorView.do?bbsId=MOSFBBS_000000000045&searchNttId1=MOSF_000000000073989&menuNo=6010200,2,주가,1,5,5/27,KOSPI,"2,637.22"
2025-05-28,https://mofe.go.kr/st/ecnmyidx/detailTbEconomyIndicatorView.do?bbsId=MOSFBBS_000000000045&searchNttId1=MOSF_000000000073989&menuNo=6010200,2,주가,1,6,5/28,KOSPI,"2,670.15"
2025-05-28,https://mofe.go.kr/st/ecnmyidx/detailTbEconomyIndicatorView.do?bbsId=MOSFBBS_000000000045&searchNttId1=MOSF_000000000073989&menuNo=6010200,2,주가,1,7,전일비,KOSPI,1.25%
2025-05-28,https://mofe.go.kr/st/ecnmyidx/detailTbEconomyIndicatorView.do?bbsId=MOSFBBS_000000000045&searchNttId1=MOSF_000000000073989&menuNo=6010200,2,주가,1,8,24말비,KOSPI,11.28%
2025-05-28,https://mofe.go.kr/st/ecnmyidx/detailTbEconomyIndicatorView.do?bbsId=MOSFBBS_000000000045&searchNttId1=MOSF_000000000073989&menuNo=6010200,2,주가,2,0,,,- 거래대금 (억원)
2025-05-28,https://mofe.go.kr/st/ecnmyidx/detailTbEconomyIndicatorView.do?bbsId=MOSFBBS_000000000045&searchNttId1=MOSF_000000000073989&menuNo=6010200,2,주가,2,1,’ 23말,- 거래대금 (억원),"94,189"
2025-05-28,https://mofe.go.kr/st/ecnmyidx/detailTbEconomyIndicatorView.do?bbsId=MOSFBBS_000000000045&searchNttId1=MOSF_000000000073989&menuNo=6010200,2,주가,2,2,’ 24말,- 거래대금 (억원),"52,272"
2025-05-28,https://mofe.go.kr/st/ecnmyidx/detailTbEconomyIndicatorView.do?bbsId=MOSFBBS_000000000045&searchNttId1=MOSF_000000000073989&menuNo=6010200,2,주가,2,3,’ 25.4말,- 거래대금 (억원),"83,321"
2025-05-28,https://mofe.go.kr/st/ecnmyidx/detailTbEconomyIndicatorView.do?bbsId=MOSFBBS_000000000045&searchNttId1=MOSF_000000000073989&menuNo=6010200,2,주가,2,4,5/26,- 거래대금 (억원),"82,629"
2025-05-28,https://mofe.go.kr/st/ecnmyidx/detailTbEconomyIndicatorView.do?bbsId=MOSFBBS_000000000045&searchNttId1=MOSF_000000000073989&menuNo=6010200,2,주가,2,5,5/27,- 거래대금 (억원),"78,095"
2025-05-28,https://mofe.go.kr/st/ecnmyidx/detailTbEconomyIndicatorView.do?bbsId=MOSFBBS_000000000045&searchNttId1=MOSF_000000000073989&menuNo=6010200,2,주가,2,6,5/28,- 거래대금 (억원),"111,638"
2025-05-28,https://mofe.go.kr/st/ecnmyidx/detailTbEconomyIndicatorView.do?bbsId=MOSFBBS_000000000045&searchNttId1=MOSF_000000000073989&menuNo=6010200,2,주가,2,7,전일비,- 거래대금 (억원),"33,543"
2025-05-28,https://mofe.go.kr/st/ecnmyidx/detailTbEconomyIndicatorView.do?bbsId=MOSFBBS_000000000045&searchNttId1=MOSF_000000000073989&menuNo=6010200,2,주가,2,8,24말비,- 거래대금 (억원),-
2025-05-28,https://mofe.go.kr/st/ecnmyidx/detailTbEconomyIndicatorView.do?bbsId=MOSFBBS_000000000045&searchNttId1=MOSF_000000000073989&menuNo=6010200,2,주가,3,0,,,KOSDAQ
2025-05-28,https://mofe.go.kr/st/ecnmyidx/detailTbEconomyIndicatorView.do?bbsId=MOSFBBS_000000000045&searchNttId1=MOSF_000000000073989&menuNo=6010200,2,주가,3,1,’ 23말,KOSDAQ,866.57
2025-05-28,https://mofe.go.kr/st/ecnmyidx/detailTbEconomyIndicatorView.do?bbsId=MOSFBBS_000000000045&searchNttId1=MOSF_000000000073989&menuNo=6010200,2,주가,3,2,’ 24말,KOSDAQ,678.19
2025-05-28,https://mofe.go.kr/st/ecnmyidx/detailTbEconomyIndicatorView.do?bbsId=MOSFBBS_000000000045&searchNttId1=MOSF_000000000073989&menuNo=6010200,2,주가,3,3,’ 25.4말,KOSDAQ,717.24
2025-05-28,https://mofe.go.kr/st/ecnmyidx/detailTbEconomyIndicatorView.do?bbsId=MOSFBBS_000000000045&searchNttId1=MOSF_000000000073989&menuNo=6010200,2,주가,3,4,5/26,KOSDAQ,725.27
2025-05-28,https://mofe.go.kr/st/ecnmyidx/detailTbEconomyIndicatorView.do?bbsId=MOSFBBS_000000000045&searchNttId1=MOSF_000000000073989&menuNo=6010200,2,주가,3,5,5/27,KOSDAQ,727.11
2025-05-28,https://mofe.go.kr/st/ecnmyidx/detailTbEconomyIndicatorView.do?bbsId=MOSFBBS_000000000045&searchNttId1=MOSF_000000000073989&menuNo=6010200,2,주가,3,6,5/28,KOSDAQ,728.79
2025-05-28,https://mofe.go.kr/st/ecnmyidx/detailTbEconomyIndicatorView.do?bbsId=MOSFBBS_000000000045&searchNttId1=MOSF_000000000073989&menuNo=6010200,2,주가,3,7,전일비,KOSDAQ,0.23%
2025-05-28,https://mofe.go.kr/st/ecnmyidx/detailTbEconomyIndicatorView.do?bbsId=MOSFBBS_000000000045&searchNttId1=MOSF_000000000073989&menuNo=6010200,2,주가,3,8,24말비,KOSDAQ,7.46%
2025-05-28,https://mofe.go.kr/st/ecnmyidx/detailTbEconomyIndicatorView.do?bbsId=MOSFBBS_000000000045&searchNttId1=MOSF_000000000073989&menuNo=6010200,2,주가,4,0,,,"외국인순매수 (억원, 기간 중 * )"
2025-05-28,https://mofe.go.kr/st/ecnmyidx/detailTbEconomyIndicatorView.do?bbsId=MOSFBBS_000000000045&searchNttId1=MOSF_000000000073989&menuNo=6010200,2,주가,4,1,’ 23말,"외국인순매수 (억원, 기간 중 * )","6,937"
2025-05-28,https://mofe.go.kr/st/ecnmyidx/detailTbEconomyIndicatorView.do?bbsId=MOSFBBS_000000000045&searchNttId1=MOSF_000000000073989&menuNo=6010200,2,주가,4,2,’ 24말,"외국인순매수 (억원, 기간 중 * )",116
2025-05-28,https://mofe.go.kr/st/ecnmyidx/detailTbEconomyIndicatorView.do?bbsId=MOSFBBS_000000000045&searchNttId1=MOSF_000000000073989&menuNo=6010200,2,주가,4,3,’ 25.4말,"외국인순매수 (억원, 기간 중 * )","△2,400"
2025-05-28,https://mofe.go.kr/st/ecnmyidx/detailTbEconomyIndicatorView.do?bbsId=MOSFBBS_000000000045&searchNttId1=MOSF_000000000073989&menuNo=6010200,2,주가,4,4,5/26,"외국인순매수 (억원, 기간 중 * )","1,856"
2025-05-28,https://mofe.go.kr/st/ecnmyidx/detailTbEconomyIndicatorView.do?bbsId=MOSFBBS_000000000045&searchNttId1=MOSF_000000000073989&menuNo=6010200,2,주가,4,5,5/27,"외국인순매수 (억원, 기간 중 * )",△783
2025-05-28,https://mofe.go.kr/st/ecnmyidx/detailTbEconomyIndicatorView.do?bbsId=MOSFBBS_000000000045&searchNttId1=MOSF_000000000073989&menuNo=6010200,2,주가,4,6,5/28,"외국인순매수 (억원, 기간 중 * )","3,752"
2025-05-28,https://mofe.go.kr/st/ecnmyidx/detailTbEconomyIndicatorView.do?bbsId=MOSFBBS_000000000045&searchNttId1=MOSF_000000000073989&menuNo=6010200,2,주가,4,7,전일비,"외국인순매수 (억원, 기간 중 * )","4,535"
2025-05-28,https://mofe.go.kr/st/ecnmyidx/detailTbEconomyIndicatorView.do?bbsId=MOSFBBS_000000000045&searchNttId1=MOSF_000000000073989&menuNo=6010200,2,주가,4,8,24말비,"외국인순매수 (억원, 기간 중 * )",-
2025-05-28,https://mofe.go.kr/st/ecnmyidx/detailTbEconomyIndicatorView.do?bbsId=MOSFBBS_000000000045&searchNttId1=MOSF_000000000073989&menuNo=6010200,3,환율,0,0,,,
2025-05-28,https://mofe.go.kr/st/ecnmyidx/detailTbEconomyIndicatorView.do?bbsId=MOSFBBS_000000000045&searchNttId1=MOSF_000000000073989&menuNo=6010200,3,환율,0,1,,,’ 23말
2025-05-28,https://mofe.go.kr/st/ecnmyidx/detailTbEconomyIndicatorView.do?bbsId=MOSFBBS_000000000045&searchNttId1=MOSF_000000000073989&menuNo=6010200,3,환율,0,2,,,’ 24말
2025-05-28,https://mofe.go.kr/st/ecnmyidx/detailTbEconomyIndicatorView.do?bbsId=MOSFBBS_000000000045&searchNttId1=MOSF_000000000073989&menuNo=6010200,3,환율,0,3,,,’ 25.4말
2025-05-28,https://mofe.go.kr/st/ecnmyidx/detailTbEconomyIndicatorView.do?bbsId=MOSFBBS_000000000045&searchNttId1=MOSF_000000000073989&menuNo=6010200,3,환율,0,4,,,5/26
2025-05-28,https://mofe.go.kr/st/ecnmyidx/detailTbEconomyIndicatorView.do?bbsId=MOSFBBS_000000000045&searchNttId1=MOSF_000000000073989&menuNo=6010200,3,환율,0,5,,,5/27
2025-05-28,https://mofe.go.kr/st/ecnmyidx/detailTbEconomyIndicatorView.do?bbsId=MOSFBBS_000000000045&searchNttId1=MOSF_000000000073989&menuNo=6010200,3,환율,0,6,,,5/28
2025-05-28,https://mofe.go.kr/st/ecnmyidx/detailTbEconomyIndicatorView.do?bbsId=MOSFBBS_000000000045&searchNttId1=MOSF_000000000073989&menuNo=6010200,3,환율,0,7,,,전일비
2025-05-28,https://mofe.go.kr/st/ecnmyidx/detailTbEconomyIndicatorView.do?bbsId=MOSFBBS_000000000045&searchNttId1=MOSF_000000000073989&menuNo=6010200,3,환율,0,8,,,24말비
2025-05-28,https://mofe.go.kr/st/ecnmyidx/detailTbEconomyIndicatorView.do?bbsId=MOSFBBS_000000000045&searchNttId1=MOSF_000000000073989&menuNo=6010200,3,환율,1,0,,,￦/ U$
2025-05-28,https://mofe.go.kr/st/ecnmyidx/detailTbEconomyIndicatorView.do?bbsId=MOSFBBS_000000000045&searchNttId1=MOSF_000000000073989&menuNo=6010200,3,환율,1,1,’ 23말,￦/ U$,"1,288.00"
2025-05-28,https://mofe.go.kr/st/ecnmyidx/detailTbEconomyIndicatorView.do?bbsId=MOSFBBS_000000000045&searchNttId1=MOSF_000000000073989&menuNo=6010200,3,환율,1,2,’ 24말,￦/ U$,"1,472.50"
2025-05-28,https://mofe.go.kr/st/ecnmyidx/detailTbEconomyIndicatorView.do?bbsId=MOSFBBS_000000000045&searchNttId1=MOSF_000000000073989&menuNo=6010200,3,환율,1,3,’ 25.4말,￦/ U$,"1,421.00"
2025-05-28,https://mofe.go.kr/st/ecnmyidx/detailTbEconomyIndicatorView.do?bbsId=MOSFBBS_000000000045&searchNttId1=MOSF_000000000073989&menuNo=6010200,3,환율,1,4,5/26,￦/ U$,"1,364.40"
2025-05-28,https://mofe.go.kr/st/ecnmyidx/detailTbEconomyIndicatorView.do?bbsId=MOSFBBS_000000000045&searchNttId1=MOSF_000000000073989&menuNo=6010200,3,환율,1,5,5/27,￦/ U$,"1,369.50"
2025-05-28,https://mofe.go.kr/st/ecnmyidx/detailTbEconomyIndicatorView.do?bbsId=MOSFBBS_000000000045&searchNttId1=MOSF_000000000073989&menuNo=6010200,3,환율,1,6,5/28,￦/ U$,"1,376.50"
2025-05-28,https://mofe.go.kr/st/ecnmyidx/detailTbEconomyIndicatorView.do?bbsId=MOSFBBS_000000000045&searchNttId1=MOSF_000000000073989&menuNo=6010200,3,환율,1,7,전일비,￦/ U$,0.51
2025-05-28,https://mofe.go.kr/st/ecnmyidx/detailTbEconomyIndicatorView.do?bbsId=MOSFBBS_000000000045&searchNttId1=MOSF_000000000073989&menuNo=6010200,3,환율,1,8,24말비,￦/ U$,△6.52
2025-05-28,https://mofe.go.kr/st/ecnmyidx/detailTbEconomyIndicatorView.do?bbsId=MOSFBBS_000000000045&searchNttId1=MOSF_000000000073989&menuNo=6010200,3,환율,2,0,,,"선물환( NDF,1 월물)"
2025-05-28,https://mofe.go.kr/st/ecnmyidx/detailTbEconomyIndicatorView.do?bbsId=MOSFBBS_000000000045&searchNttId1=MOSF_000000000073989&menuNo=6010200,3,환율,2,1,’ 23말,"선물환( NDF,1 월물)","1,286.80"
2025-05-28,https://mofe.go.kr/st/ecnmyidx/detailTbEconomyIndicatorView.do?bbsId=MOSFBBS_000000000045&searchNttId1=MOSF_000000000073989&menuNo=6010200,3,환율,2,2,’ 24말,"선물환( NDF,1 월물)","1,473.80"
2025-05-28,https://mofe.go.kr/st/ecnmyidx/detailTbEconomyIndicatorView.do?bbsId=MOSFBBS_000000000045&searchNttId1=MOSF_000000000073989&menuNo=6010200,3,환율,2,3,’ 25.4말,"선물환( NDF,1 월물)","1,418.20"
2025-05-28,https://mofe.go.kr/st/ecnmyidx/detailTbEconomyIndicatorView.do?bbsId=MOSFBBS_000000000045&searchNttId1=MOSF_000000000073989&menuNo=6010200,3,환율,2,4,5/26,"선물환( NDF,1 월물)","1,361.30"
2025-05-28,https://mofe.go.kr/st/ecnmyidx/detailTbEconomyIndicatorView.do?bbsId=MOSFBBS_000000000045&searchNttId1=MOSF_000000000073989&menuNo=6010200,3,환율,2,5,5/27,"선물환( NDF,1 월물)","1,366.10"
2025-05-28,https://mofe.go.kr/st/ecnmyidx/detailTbEconomyIndicatorView.do?bbsId=MOSFBBS_000000000045&searchNttId1=MOSF_000000000073989&menuNo=6010200,3,환율,2,6,5/28,"선물환( NDF,1 월물)","1,373.00"
2025-05-28,https://mofe.go.kr/st/ecnmyidx/detailTbEconomyIndicatorView.do?bbsId=MOSFBBS_000000000045&searchNttId1=MOSF_000000000073989&menuNo=6010200,3,환율,2,7,전일비,"선물환( NDF,1 월물)",0.51
2025-05-28,https://mofe.go.kr/st/ecnmyidx/detailTbEconomyIndicatorView.do?bbsId=MOSFBBS_000000000045&searchNttId1=MOSF_000000000073989&menuNo=6010200,3,환율,2,8,24말비,"선물환( NDF,1 월물)",△6.84
2025-05-28,https://mofe.go.kr/st/ecnmyidx/detailTbEconomyIndicatorView.do?bbsId=MOSFBBS_000000000045&searchNttId1=MOSF_000000000073989&menuNo=6010200,3,환율,3,0,,,￦/ CNY
2025-05-28,https://mofe.go.kr/st/ecnmyidx/detailTbEconomyIndicatorView.do?bbsId=MOSFBBS_000000000045&searchNttId1=MOSF_000000000073989&menuNo=6010200,3,환율,3,1,’ 23말,￦/ CNY,181.37
2025-05-28,https://mofe.go.kr/st/ecnmyidx/detailTbEconomyIndicatorView.do?bbsId=MOSFBBS_000000000045&searchNttId1=MOSF_000000000073989&menuNo=6010200,3,환율,3,2,’ 24말,￦/ CNY,202.38
2025-05-28,https://mofe.go.kr/st/ecnmyidx/detailTbEconomyIndicatorView.do?bbsId=MOSFBBS_000000000045&searchNttId1=MOSF_000000000073989&menuNo=6010200,3,환율,3,3,’ 25.4말,￦/ CNY,195.64
2025-05-28,https://mofe.go.kr/st/ecnmyidx/detailTbEconomyIndicatorView.do?bbsId=MOSFBBS_000000000045&searchNttId1=MOSF_000000000073989&menuNo=6010200,3,환율,3,4,5/26,￦/ CNY,190.45
2025-05-28,https://mofe.go.kr/st/ecnmyidx/detailTbEconomyIndicatorView.do?bbsId=MOSFBBS_000000000045&searchNttId1=MOSF_000000000073989&menuNo=6010200,3,환율,3,5,5/27,￦/ CNY,190.90
2025-05-28,https://mofe.go.kr/st/ecnmyidx/detailTbEconomyIndicatorView.do?bbsId=MOSFBBS_000000000045&searchNttId1=MOSF_000000000073989&menuNo=6010200,3,환율,3,6,5/28,￦/ CNY,190.67
2025-05-28,https://mofe.go.kr/st/ecnmyidx/detailTbEconomyIndicatorView.do?bbsId=MOSFBBS_000000000045&searchNttId1=MOSF_000000000073989&menuNo=6010200,3,환율,3,7,전일비,￦/ CNY,△0.12
2025-05-28,https://mofe.go.kr/st/ecnmyidx/detailTbEconomyIndicatorView.do?bbsId=MOSFBBS_000000000045&searchNttId1=MOSF_000000000073989&menuNo=6010200,3,환율,3,8,24말비,￦/ CNY,△5.79
2025-05-28,https://mofe.go.kr/st/ecnmyidx/detailTbEconomyIndicatorView.do?bbsId=MOSFBBS_000000000045&searchNttId1=MOSF_000000000073989&menuNo=6010200,3,환율,4,0,,,￦/ Y100
2025-05-28,https://mofe.go.kr/st/ecnmyidx/detailTbEconomyIndicatorView.do?bbsId=MOSFBBS_000000000045&searchNttId1=MOSF_000000000073989&menuNo=6010200,3,환율,4,1,’ 23말,￦/ Y100,912.25
2025-05-28,https://mofe.go.kr/st/ecnmyidx/detailTbEconomyIndicatorView.do?bbsId=MOSFBBS_000000000045&searchNttId1=MOSF_000000000073989&menuNo=6010200,3,환율,4,2,’ 24말,￦/ Y100,932.67
2025-05-28,https://mofe.go.kr/st/ecnmyidx/detailTbEconomyIndicatorView.do?bbsId=MOSFBBS_000000000045&searchNttId1=MOSF_000000000073989&menuNo=6010200,3,환율,4,3,’ 25.4말,￦/ Y100,996.80
2025-05-28,https://mofe.go.kr/st/ecnmyidx/detailTbEconomyIndicatorView.do?bbsId=MOSFBBS_000000000045&searchNttId1=MOSF_000000000073989&menuNo=6010200,3,환율,4,4,5/26,￦/ Y100,955.80
2025-05-28,https://mofe.go.kr/st/ecnmyidx/detailTbEconomyIndicatorView.do?bbsId=MOSFBBS_000000000045&searchNttId1=MOSF_000000000073989&menuNo=6010200,3,환율,4,5,5/27,￦/ Y100,956.50
2025-05-28,https://mofe.go.kr/st/ecnmyidx/detailTbEconomyIndicatorView.do?bbsId=MOSFBBS_000000000045&searchNttId1=MOSF_000000000073989&menuNo=6010200,3,환율,4,6,5/28,￦/ Y100,953.80
2025-05-28,https://mofe.go.kr/st/ecnmyidx/detailTbEconomyIndicatorView.do?bbsId=MOSFBBS_000000000045&searchNttId1=MOSF_000000000073989&menuNo=6010200,3,환율,4,7,전일비,￦/ Y100,△0.28
2025-05-28,https://mofe.go.kr/st/ecnmyidx/detailTbEconomyIndicatorView.do?bbsId=MOSFBBS_000000000045&searchNttId1=MOSF_000000000073989&menuNo=6010200,3,환율,4,8,24말비,￦/ Y100,2.27
2025-05-28,https://mofe.go.kr/st/ecnmyidx/detailTbEconomyIndicatorView.do?bbsId=MOSFBBS_000000000045&searchNttId1=MOSF_000000000073989&menuNo=6010200,3,환율,5,0,,,Y/U$
2025-05-28,https://mofe.go.kr/st/ecnmyidx/detailTbEconomyIndicatorView.do?bbsId=MOSFBBS_000000000045&searchNttId1=MOSF_000000000073989&menuNo=6010200,3,환율,5,1,’ 23말,Y/U$,141.19
2025-05-28,https://mofe.go.kr/st/ecnmyidx/detailTbEconomyIndicatorView.do?bbsId=MOSFBBS_000000000045&searchNttId1=MOSF_000000000073989&menuNo=6010200,3,환율,5,2,’ 24말,Y/U$,157.88
2025-05-28,https://mofe.go.kr/st/ecnmyidx/detailTbEconomyIndicatorView.do?bbsId=MOSFBBS_000000000045&searchNttId1=MOSF_000000000073989&menuNo=6010200,3,환율,5,3,’ 25.4말,Y/U$,142.55
2025-05-28,https://mofe.go.kr/st/ecnmyidx/detailTbEconomyIndicatorView.do?bbsId=MOSFBBS_000000000045&searchNttId1=MOSF_000000000073989&menuNo=6010200,3,환율,5,4,5/26,Y/U$,142.75
2025-05-28,https://mofe.go.kr/st/ecnmyidx/detailTbEconomyIndicatorView.do?bbsId=MOSFBBS_000000000045&searchNttId1=MOSF_000000000073989&menuNo=6010200,3,환율,5,5,5/27,Y/U$,143.18
2025-05-28,https://mofe.go.kr/st/ecnmyidx/detailTbEconomyIndicatorView.do?bbsId=MOSFBBS_000000000045&searchNttId1=MOSF_000000000073989&menuNo=6010200,3,환율,5,6,5/28,Y/U$,144.32
2025-05-28,https://mofe.go.kr/st/ecnmyidx/detailTbEconomyIndicatorView.do?bbsId=MOSFBBS_000000000045&searchNttId1=MOSF_000000000073989&menuNo=6010200,3,환율,5,7,전일비,Y/U$,0.80
2025-05-28,https://mofe.go.kr/st/ecnmyidx/detailTbEconomyIndicatorView.do?bbsId=MOSFBBS_000000000045&searchNttId1=MOSF_000000000073989&menuNo=6010200,3,환율,5,8,24말비,Y/U$,△8.59
2025-05-28,https://mofe.go.kr/st/ecnmyidx/detailTbEconomyIndicatorView.do?bbsId=MOSFBBS_000000000045&searchNttId1=MOSF_000000000073989&menuNo=6010200,3,환율,6,0,,,U$/EUR
2025-05-28,https://mofe.go.kr/st/ecnmyidx/detailTbEconomyIndicatorView.do?bbsId=MOSFBBS_000000000045&searchNttId1=MOSF_000000000073989&menuNo=6010200,3,환율,6,1,’ 23말,U$/EUR,1.1105
2025-05-28,https://mofe.go.kr/st/ecnmyidx/detailTbEconomyIndicatorView.do?bbsId=MOSFBBS_000000000045&searchNttId1=MOSF_000000000073989&menuNo=6010200,3,환율,6,2,’ 24말,U$/EUR,1.0429
2025-05-28,https://mofe.go.kr/st/ecnmyidx/detailTbEconomyIndicatorView.do?bbsId=MOSFBBS_000000000045&searchNttId1=MOSF_000000000073989&menuNo=6010200,3,환율,6,3,’ 25.4말,U$/EUR,1.1387
2025-05-28,https://mofe.go.kr/st/ecnmyidx/detailTbEconomyIndicatorView.do?bbsId=MOSFBBS_000000000045&searchNttId1=MOSF_000000000073989&menuNo=6010200,3,환율,6,4,5/26,U$/EUR,1.1412
2025-05-28,https://mofe.go.kr/st/ecnmyidx/detailTbEconomyIndicatorView.do?bbsId=MOSFBBS_000000000045&searchNttId1=MOSF_000000000073989&menuNo=6010200,3,환율,6,5,5/27,U$/EUR,1.1385
2025-05-28,https://mofe.go.kr/st/ecnmyidx/detailTbEconomyIndicatorView.do?bbsId=MOSFBBS_000000000045&searchNttId1=MOSF_000000000073989&menuNo=6010200,3,환율,6,6,5/28,U$/EUR,1.1316
2025-05-28,https://mofe.go.kr/st/ecnmyidx/detailTbEconomyIndicatorView.do?bbsId=MOSFBBS_000000000045&searchNttId1=MOSF_000000000073989&menuNo=6010200,3,환율,6,7,전일비,U$/EUR,△0.61
2025-05-28,https://mofe.go.kr/st/ecnmyidx/detailTbEconomyIndicatorView.do?bbsId=MOSFBBS_000000000045&searchNttId1=MOSF_000000000073989&menuNo=6010200,3,환율,6,8,24말비,U$/EUR,8.51
2025-05-28,https://mofe.go.kr/st/ecnmyidx/detailTbEconomyIndicatorView.do?bbsId=MOSFBBS_000000000045&searchNttId1=MOSF_000000000073989&menuNo=6010200,3,환율,7,0,,,CNY/U$
2025-05-28,https://mofe.go.kr/st/ecnmyidx/detailTbEconomyIndicatorView.do?bbsId=MOSFBBS_000000000045&searchNttId1=MOSF_000000000073989&menuNo=6010200,3,환율,7,1,’ 23말,CNY/U$,7.1092
2025-05-28,https://mofe.go.kr/st/ecnmyidx/detailTbEconomyIndicatorView.do?bbsId=MOSFBBS_000000000045&searchNttId1=MOSF_000000000073989&menuNo=6010200,3,환율,7,2,’ 24말,CNY/U$,7.2992
2025-05-28,https://mofe.go.kr/st/ecnmyidx/detailTbEconomyIndicatorView.do?bbsId=MOSFBBS_000000000045&searchNttId1=MOSF_000000000073989&menuNo=6010200,3,환율,7,3,’ 25.4말,CNY/U$,7.2641
2025-05-28,https://mofe.go.kr/st/ecnmyidx/detailTbEconomyIndicatorView.do?bbsId=MOSFBBS_000000000045&searchNttId1=MOSF_000000000073989&menuNo=6010200,3,환율,7,4,5/26,CNY/U$,7.1737
2025-05-28,https://mofe.go.kr/st/ecnmyidx/detailTbEconomyIndicatorView.do?bbsId=MOSFBBS_000000000045&searchNttId1=MOSF_000000000073989&menuNo=6010200,3,환율,7,5,5/27,CNY/U$,7.1890
2025-05-28,https://mofe.go.kr/st/ecnmyidx/detailTbEconomyIndicatorView.do?bbsId=MOSFBBS_000000000045&searchNttId1=MOSF_000000000073989&menuNo=6010200,3,환율,7,6,5/28,CNY/U$,7.1961
2025-05-28,https://mofe.go.kr/st/ecnmyidx/detailTbEconomyIndicatorView.do?bbsId=MOSFBBS_000000000045&searchNttId1=MOSF_000000000073989&menuNo=6010200,3,환율,7,7,전일비,CNY/U$,0.10
2025-05-28,https://mofe.go.kr/st/ecnmyidx/detailTbEconomyIndicatorView.do?bbsId=MOSFBBS_000000000045&searchNttId1=MOSF_000000000073989&menuNo=6010200,3,환율,7,8,24말비,CNY/U$,△1.41
2025-05-28,https://mofe.go.kr/st/ecnmyidx/detailTbEconomyIndicatorView.do?bbsId=MOSFBBS_000000000045&searchNttId1=MOSF_000000000073989&menuNo=6010200,4,국제금리 ㆍ주가 ㆍ 가산금리,0,0,,,
2025-05-28,https://mofe.go.kr/st/ecnmyidx/detailTbEconomyIndicatorView.do?bbsId=MOSFBBS_000000000045&searchNttId1=MOSF_000000000073989&menuNo=6010200,4,국제금리 ㆍ주가 ㆍ 가산금리,0,1,,,’ 23말
2025-05-28,https://mofe.go.kr/st/ecnmyidx/detailTbEconomyIndicatorView.do?bbsId=MOSFBBS_000000000045&searchNttId1=MOSF_000000000073989&menuNo=6010200,4,국제금리 ㆍ주가 ㆍ 가산금리,0,2,,,’ 24말
2025-05-28,https://mofe.go.kr/st/ecnmyidx/detailTbEconomyIndicatorView.do?bbsId=MOSFBBS_000000000045&searchNttId1=MOSF_000000000073989&menuNo=6010200,4,국제금리 ㆍ주가 ㆍ 가산금리,0,3,,,’ 25.4말
2025-05-28,https://mofe.go.kr/st/ecnmyidx/detailTbEconomyIndicatorView.do?bbsId=MOSFBBS_000000000045&searchNttId1=MOSF_000000000073989&menuNo=6010200,4,국제금리 ㆍ주가 ㆍ 가산금리,0,4,,,5/26
2025-05-28,https://mofe.go.kr/st/ecnmyidx/detailTbEconomyIndicatorView.do?bbsId=MOSFBBS_000000000045&searchNttId1=MOSF_000000000073989&menuNo=6010200,4,국제금리 ㆍ주가 ㆍ 가산금리,0,5,,,5/27
2025-05-28,https://mofe.go.kr/st/ecnmyidx/detailTbEconomyIndicatorView.do?bbsId=MOSFBBS_000000000045&searchNttId1=MOSF_000000000073989&menuNo=6010200,4,국제금리 ㆍ주가 ㆍ 가산금리,0,6,,,5/28
2025-05-28,https://mofe.go.kr/st/ecnmyidx/detailTbEconomyIndicatorView.do?bbsId=MOSFBBS_000000000045&searchNttId1=MOSF_000000000073989&menuNo=6010200,4,국제금리 ㆍ주가 ㆍ 가산금리,0,7,,,전일비
2025-05-28,https://mofe.go.kr/st/ecnmyidx/detailTbEconomyIndicatorView.do?bbsId=MOSFBBS_000000000045&searchNttId1=MOSF_000000000073989&menuNo=6010200,4,국제금리 ㆍ주가 ㆍ 가산금리,0,8,,,24말비
2025-05-28,https://mofe.go.kr/st/ecnmyidx/detailTbEconomyIndicatorView.do?bbsId=MOSFBBS_000000000045&searchNttId1=MOSF_000000000073989&menuNo=6010200,4,국제금리 ㆍ주가 ㆍ 가산금리,1,0,,,"SOFR ($, 3 월, %)"
2025-05-28,https://mofe.go.kr/st/ecnmyidx/detailTbEconomyIndicatorView.do?bbsId=MOSFBBS_000000000045&searchNttId1=MOSF_000000000073989&menuNo=6010200,4,국제금리 ㆍ주가 ㆍ 가산금리,1,1,’ 23말,"SOFR ($, 3 월, %)",5.61
2025-05-28,https://mofe.go.kr/st/ecnmyidx/detailTbEconomyIndicatorView.do?bbsId=MOSFBBS_000000000045&searchNttId1=MOSF_000000000073989&menuNo=6010200,4,국제금리 ㆍ주가 ㆍ 가산금리,1,2,’ 24말,"SOFR ($, 3 월, %)",4.33
2025-05-28,https://mofe.go.kr/st/ecnmyidx/detailTbEconomyIndicatorView.do?bbsId=MOSFBBS_000000000045&searchNttId1=MOSF_000000000073989&menuNo=6010200,4,국제금리 ㆍ주가 ㆍ 가산금리,1,3,’ 25.4말,"SOFR ($, 3 월, %)",4.28
2025-05-28,https://mofe.go.kr/st/ecnmyidx/detailTbEconomyIndicatorView.do?bbsId=MOSFBBS_000000000045&searchNttId1=MOSF_000000000073989&menuNo=6010200,4,국제금리 ㆍ주가 ㆍ 가산금리,1,4,5/26,"SOFR ($, 3 월, %)",4.33
2025-05-28,https://mofe.go.kr/st/ecnmyidx/detailTbEconomyIndicatorView.do?bbsId=MOSFBBS_000000000045&searchNttId1=MOSF_000000000073989&menuNo=6010200,4,국제금리 ㆍ주가 ㆍ 가산금리,1,5,5/27,"SOFR ($, 3 월, %)",4.33
2025-05-28,https://mofe.go.kr/st/ecnmyidx/detailTbEconomyIndicatorView.do?bbsId=MOSFBBS_000000000045&searchNttId1=MOSF_000000000073989&menuNo=6010200,4,국제금리 ㆍ주가 ㆍ 가산금리,1,6,5/28,"SOFR ($, 3 월, %)",4.33
2025-05-28,https://mofe.go.kr/st/ecnmyidx/detailTbEconomyIndicatorView.do?bbsId=MOSFBBS_000000000045&searchNttId1=MOSF_000000000073989&menuNo=6010200,4,국제금리 ㆍ주가 ㆍ 가산금리,1,7,전일비,"SOFR ($, 3 월, %)",0
2025-05-28,https://mofe.go.kr/st/ecnmyidx/detailTbEconomyIndicatorView.do?bbsId=MOSFBBS_000000000045&searchNttId1=MOSF_000000000073989&menuNo=6010200,4,국제금리 ㆍ주가 ㆍ 가산금리,1,8,24말비,"SOFR ($, 3 월, %)",0
2025-05-28,https://mofe.go.kr/st/ecnmyidx/detailTbEconomyIndicatorView.do?bbsId=MOSFBBS_000000000045&searchNttId1=MOSF_000000000073989&menuNo=6010200,4,국제금리 ㆍ주가 ㆍ 가산금리,2,0,,,DOW
2025-05-28,https://mofe.go.kr/st/ecnmyidx/detailTbEconomyIndicatorView.do?bbsId=MOSFBBS_000000000045&searchNttId1=MOSF_000000000073989&menuNo=6010200,4,국제금리 ㆍ주가 ㆍ 가산금리,2,1,’ 23말,DOW,"37,657"
2025-05-28,https://mofe.go.kr/st/ecnmyidx/detailTbEconomyIndicatorView.do?bbsId=MOSFBBS_000000000045&searchNttId1=MOSF_000000000073989&menuNo=6010200,4,국제금리 ㆍ주가 ㆍ 가산금리,2,2,’ 24말,DOW,"42,992"
2025-05-28,https://mofe.go.kr/st/ecnmyidx/detailTbEconomyIndicatorView.do?bbsId=MOSFBBS_000000000045&searchNttId1=MOSF_000000000073989&menuNo=6010200,4,국제금리 ㆍ주가 ㆍ 가산금리,2,3,’ 25.4말,DOW,"40,528"
2025-05-28,https://mofe.go.kr/st/ecnmyidx/detailTbEconomyIndicatorView.do?bbsId=MOSFBBS_000000000045&searchNttId1=MOSF_000000000073989&menuNo=6010200,4,국제금리 ㆍ주가 ㆍ 가산금리,2,4,5/26,DOW,"41,603"
2025-05-28,https://mofe.go.kr/st/ecnmyidx/detailTbEconomyIndicatorView.do?bbsId=MOSFBBS_000000000045&searchNttId1=MOSF_000000000073989&menuNo=6010200,4,국제금리 ㆍ주가 ㆍ 가산금리,2,5,5/27,DOW,"41,603"
2025-05-28,https://mofe.go.kr/st/ecnmyidx/detailTbEconomyIndicatorView.do?bbsId=MOSFBBS_000000000045&searchNttId1=MOSF_000000000073989&menuNo=6010200,4,국제금리 ㆍ주가 ㆍ 가산금리,2,6,5/28,DOW,"42,344"
2025-05-28,https://mofe.go.kr/st/ecnmyidx/detailTbEconomyIndicatorView.do?bbsId=MOSFBBS_000000000045&searchNttId1=MOSF_000000000073989&menuNo=6010200,4,국제금리 ㆍ주가 ㆍ 가산금리,2,7,전일비,DOW,1.78%
2025-05-28,https://mofe.go.kr/st/ecnmyidx/detailTbEconomyIndicatorView.do?bbsId=MOSFBBS_000000000045&searchNttId1=MOSF_000000000073989&menuNo=6010200,4,국제금리 ㆍ주가 ㆍ 가산금리,2,8,24말비,DOW,△1.51%
2025-05-28,https://mofe.go.kr/st/ecnmyidx/detailTbEconomyIndicatorView.do?bbsId=MOSFBBS_000000000045&searchNttId1=MOSF_000000000073989&menuNo=6010200,4,국제금리 ㆍ주가 ㆍ 가산금리,3,0,,,NIKKEI
2025-05-28,https://mofe.go.kr/st/ecnmyidx/detailTbEconomyIndicatorView.do?bbsId=MOSFBBS_000000000045&searchNttId1=MOSF_000000000073989&menuNo=6010200,4,국제금리 ㆍ주가 ㆍ 가산금리,3,1,’ 23말,NIKKEI,"33,540"
2025-05-28,https://mofe.go.kr/st/ecnmyidx/detailTbEconomyIndicatorView.do?bbsId=MOSFBBS_000000000045&searchNttId1=MOSF_000000000073989&menuNo=6010200,4,국제금리 ㆍ주가 ㆍ 가산금리,3,2,’ 24말,NIKKEI,"39,895"
2025-05-28,https://mofe.go.kr/st/ecnmyidx/detailTbEconomyIndicatorView.do?bbsId=MOSFBBS_000000000045&searchNttId1=MOSF_000000000073989&menuNo=6010200,4,국제금리 ㆍ주가 ㆍ 가산금리,3,3,’ 25.4말,NIKKEI,"36,045"
2025-05-28,https://mofe.go.kr/st/ecnmyidx/detailTbEconomyIndicatorView.do?bbsId=MOSFBBS_000000000045&searchNttId1=MOSF_000000000073989&menuNo=6010200,4,국제금리 ㆍ주가 ㆍ 가산금리,3,4,5/26,NIKKEI,"37,532"
2025-05-28,https://mofe.go.kr/st/ecnmyidx/detailTbEconomyIndicatorView.do?bbsId=MOSFBBS_000000000045&searchNttId1=MOSF_000000000073989&menuNo=6010200,4,국제금리 ㆍ주가 ㆍ 가산금리,3,5,5/27,NIKKEI,"37,724"
2025-05-28,https://mofe.go.kr/st/ecnmyidx/detailTbEconomyIndicatorView.do?bbsId=MOSFBBS_000000000045&searchNttId1=MOSF_000000000073989&menuNo=6010200,4,국제금리 ㆍ주가 ㆍ 가산금리,3,6,5/28,NIKKEI,"37,722"
2025-05-28,https://mofe.go.kr/st/ecnmyidx/detailTbEconomyIndicatorView.do?bbsId=MOSFBBS_000000000045&searchNttId1=MOSF_000000000073989&menuNo=6010200,4,국제금리 ㆍ주가 ㆍ 가산금리,3,7,전일비,NIKKEI,0
2025-05-28,https://mofe.go.kr/st/ecnmyidx/detailTbEconomyIndicatorView.do?bbsId=MOSFBBS_000000000045&searchNttId1=MOSF_000000000073989&menuNo=6010200,4,국제금리 ㆍ주가 ㆍ 가산금리,3,8,24말비,NIKKEI,△5.44%
2025-05-28,https://mofe.go.kr/st/ecnmyidx/detailTbEconomyIndicatorView.do?bbsId=MOSFBBS_000000000045&searchNttId1=MOSF_000000000073989&menuNo=6010200,4,국제금리 ㆍ주가 ㆍ 가산금리,4,0,,,SHANGHAI COMP
2025-05-28,https://mofe.go.kr/st/ecnmyidx/detailTbEconomyIndicatorView.do?bbsId=MOSFBBS_000000000045&searchNttId1=MOSF_000000000073989&menuNo=6010200,4,국제금리 ㆍ주가 ㆍ 가산금리,4,1,’ 23말,SHANGHAI COMP,"2,955"
2025-05-28,https://mofe.go.kr/st/ecnmyidx/detailTbEconomyIndicatorView.do?bbsId=MOSFBBS_000000000045&searchNttId1=MOSF_000000000073989&menuNo=6010200,4,국제금리 ㆍ주가 ㆍ 가산금리,4,2,’ 24말,SHANGHAI COMP,"3,407"
2025-05-28,https://mofe.go.kr/st/ecnmyidx/detailTbEconomyIndicatorView.do?bbsId=MOSFBBS_000000000045&searchNttId1=MOSF_000000000073989&menuNo=6010200,4,국제금리 ㆍ주가 ㆍ 가산금리,4,3,’ 25.4말,SHANGHAI COMP,"3,279"
2025-05-28,https://mofe.go.kr/st/ecnmyidx/detailTbEconomyIndicatorView.do?bbsId=MOSFBBS_000000000045&searchNttId1=MOSF_000000000073989&menuNo=6010200,4,국제금리 ㆍ주가 ㆍ 가산금리,4,4,5/26,SHANGHAI COMP,"3,347"
2025-05-28,https://mofe.go.kr/st/ecnmyidx/detailTbEconomyIndicatorView.do?bbsId=MOSFBBS_000000000045&searchNttId1=MOSF_000000000073989&menuNo=6010200,4,국제금리 ㆍ주가 ㆍ 가산금리,4,5,5/27,SHANGHAI COMP,"3,341"
2025-05-28,https://mofe.go.kr/st/ecnmyidx/detailTbEconomyIndicatorView.do?bbsId=MOSFBBS_000000000045&searchNttId1=MOSF_000000000073989&menuNo=6010200,4,국제금리 ㆍ주가 ㆍ 가산금리,4,6,5/28,SHANGHAI COMP,"3,340"
2025-05-28,https://mofe.go.kr/st/ecnmyidx/detailTbEconomyIndicatorView.do?bbsId=MOSFBBS_000000000045&searchNttId1=MOSF_000000000073989&menuNo=6010200,4,국제금리 ㆍ주가 ㆍ 가산금리,4,7,전일비,SHANGHAI COMP,△0.02%
2025-05-28,https://mofe.go.kr/st/ecnmyidx/detailTbEconomyIndicatorView.do?bbsId=MOSFBBS_000000000045&searchNttId1=MOSF_000000000073989&menuNo=6010200,4,국제금리 ㆍ주가 ㆍ 가산금리,4,8,24말비,SHANGHAI COMP,△1.98%
2025-05-28,https://mofe.go.kr/st/ecnmyidx/detailTbEconomyIndicatorView.do?bbsId=MOSFBBS_000000000045&searchNttId1=MOSF_000000000073989&menuNo=6010200,4,국제금리 ㆍ주가 ㆍ 가산금리,5,0,,,"외평채가산금리(30년만기, bp)"
2025-05-28,https://mofe.go.kr/st/ecnmyidx/detailTbEconomyIndicatorView.do?bbsId=MOSFBBS_000000000045&searchNttId1=MOSF_000000000073989&menuNo=6010200,4,국제금리 ㆍ주가 ㆍ 가산금리,5,1,’ 23말,"외평채가산금리(30년만기, bp)",34
2025-05-28,https://mofe.go.kr/st/ecnmyidx/detailTbEconomyIndicatorView.do?bbsId=MOSFBBS_000000000045&searchNttId1=MOSF_000000000073989&menuNo=6010200,4,국제금리 ㆍ주가 ㆍ 가산금리,5,2,’ 24말,"외평채가산금리(30년만기, bp)",28
2025-05-28,https://mofe.go.kr/st/ecnmyidx/detailTbEconomyIndicatorView.do?bbsId=MOSFBBS_000000000045&searchNttId1=MOSF_000000000073989&menuNo=6010200,4,국제금리 ㆍ주가 ㆍ 가산금리,5,3,’ 25.4말,"외평채가산금리(30년만기, bp)",35
2025-05-28,https://mofe.go.kr/st/ecnmyidx/detailTbEconomyIndicatorView.do?bbsId=MOSFBBS_000000000045&searchNttId1=MOSF_000000000073989&menuNo=6010200,4,국제금리 ㆍ주가 ㆍ 가산금리,5,4,5/26,"외평채가산금리(30년만기, bp)",32
2025-05-28,https://mofe.go.kr/st/ecnmyidx/detailTbEconomyIndicatorView.do?bbsId=MOSFBBS_000000000045&searchNttId1=MOSF_000000000073989&menuNo=6010200,4,국제금리 ㆍ주가 ㆍ 가산금리,5,5,5/27,"외평채가산금리(30년만기, bp)",32
2025-05-28,https://mofe.go.kr/st/ecnmyidx/detailTbEconomyIndicatorView.do?bbsId=MOSFBBS_000000000045&searchNttId1=MOSF_000000000073989&menuNo=6010200,4,국제금리 ㆍ주가 ㆍ 가산금리,5,6,5/28,"외평채가산금리(30년만기, bp)",31
2025-05-28,https://mofe.go.kr/st/ecnmyidx/detailTbEconomyIndicatorView.do?bbsId=MOSFBBS_000000000045&searchNttId1=MOSF_000000000073989&menuNo=6010200,4,국제금리 ㆍ주가 ㆍ 가산금리,5,7,전일비,"외평채가산금리(30년만기, bp)",△1.00
2025-05-28,https://mofe.go.kr/st/ecnmyidx/detailTbEconomyIndicatorView.do?bbsId=MOSFBBS_000000000045&searchNttId1=MOSF_000000000073989&menuNo=6010200,4,국제금리 ㆍ주가 ㆍ 가산금리,5,8,24말비,"외평채가산금리(30년만기, bp)",3.00
2025-05-28,https://mofe.go.kr/st/ecnmyidx/detailTbEconomyIndicatorView.do?bbsId=MOSFBBS_000000000045&searchNttId1=MOSF_000000000073989&menuNo=6010200,4,국제금리 ㆍ주가 ㆍ 가산금리,6,0,,,"CDS (5 년, bp)"
2025-05-28,https://mofe.go.kr/st/ecnmyidx/detailTbEconomyIndicatorView.do?bbsId=MOSFBBS_000000000045&searchNttId1=MOSF_000000000073989&menuNo=6010200,4,국제금리 ㆍ주가 ㆍ 가산금리,6,1,’ 23말,"CDS (5 년, bp)",28
2025-05-28,https://mofe.go.kr/st/ecnmyidx/detailTbEconomyIndicatorView.do?bbsId=MOSFBBS_000000000045&searchNttId1=MOSF_000000000073989&menuNo=6010200,4,국제금리 ㆍ주가 ㆍ 가산금리,6,2,’ 24말,"CDS (5 년, bp)",37
2025-05-28,https://mofe.go.kr/st/ecnmyidx/detailTbEconomyIndicatorView.do?bbsId=MOSFBBS_000000000045&searchNttId1=MOSF_000000000073989&menuNo=6010200,4,국제금리 ㆍ주가 ㆍ 가산금리,6,3,’ 25.4말,"CDS (5 년, bp)",32
2025-05-28,https://mofe.go.kr/st/ecnmyidx/detailTbEconomyIndicatorView.do?bbsId=MOSFBBS_000000000045&searchNttId1=MOSF_000000000073989&menuNo=6010200,4,국제금리 ㆍ주가 ㆍ 가산금리,6,4,5/26,"CDS (5 년, bp)",31
2025-05-28,https://mofe.go.kr/st/ecnmyidx/detailTbEconomyIndicatorView.do?bbsId=MOSFBBS_000000000045&searchNttId1=MOSF_000000000073989&menuNo=6010200,4,국제금리 ㆍ주가 ㆍ 가산금리,6,5,5/27,"CDS (5 년, bp)",31
2025-05-28,https://mofe.go.kr/st/ecnmyidx/detailTbEconomyIndicatorView.do?bbsId=MOSFBBS_000000000045&searchNttId1=MOSF_000000000073989&menuNo=6010200,4,국제금리 ㆍ주가 ㆍ 가산금리,6,6,5/28,"CDS (5 년, bp)",30
2025-05-28,https://mofe.go.kr/st/ecnmyidx/detailTbEconomyIndicatorView.do?bbsId=MOSFBBS_000000000045&searchNttId1=MOSF_000000000073989&menuNo=6010200,4,국제금리 ㆍ주가 ㆍ 가산금리,6,7,전일비,"CDS (5 년, bp)",△0.68
2025-05-28,https://mofe.go.kr/st/ecnmyidx/detailTbEconomyIndicatorView.do?bbsId=MOSFBBS_000000000045&searchNttId1=MOSF_000000000073989&menuNo=6010200,4,국제금리 ㆍ주가 ㆍ 가산금리,6,8,24말비,"CDS (5 년, bp)",△6.44
2025-05-28,https://mofe.go.kr/st/ecnmyidx/detailTbEconomyIndicatorView.do?bbsId=MOSFBBS_000000000045&searchNttId1=MOSF_000000000073989&menuNo=6010200,4,국제금리 ㆍ주가 ㆍ 가산금리,7,0,,,"CRS SOFR (1 년, %)"
2025-05-28,https://mofe.go.kr/st/ecnmyidx/detailTbEconomyIndicatorView.do?bbsId=MOSFBBS_000000000045&searchNttId1=MOSF_000000000073989&menuNo=6010200,4,국제금리 ㆍ주가 ㆍ 가산금리,7,1,’ 23말,"CRS SOFR (1 년, %)",2.83
2025-05-28,https://mofe.go.kr/st/ecnmyidx/detailTbEconomyIndicatorView.do?bbsId=MOSFBBS_000000000045&searchNttId1=MOSF_000000000073989&menuNo=6010200,4,국제금리 ㆍ주가 ㆍ 가산금리,7,2,’ 24말,"CRS SOFR (1 년, %)",2.32
2025-05-28,https://mofe.go.kr/st/ecnmyidx/detailTbEconomyIndicatorView.do?bbsId=MOSFBBS_000000000045&searchNttId1=MOSF_000000000073989&menuNo=6010200,4,국제금리 ㆍ주가 ㆍ 가산금리,7,3,’ 25.4말,"CRS SOFR (1 년, %)",1.71
2025-05-28,https://mofe.go.kr/st/ecnmyidx/detailTbEconomyIndicatorView.do?bbsId=MOSFBBS_000000000045&searchNttId1=MOSF_000000000073989&menuNo=6010200,4,국제금리 ㆍ주가 ㆍ 가산금리,7,4,5/26,"CRS SOFR (1 년, %)",1.68
2025-05-28,https://mofe.go.kr/st/ecnmyidx/detailTbEconomyIndicatorView.do?bbsId=MOSFBBS_000000000045&searchNttId1=MOSF_000000000073989&menuNo=6010200,4,국제금리 ㆍ주가 ㆍ 가산금리,7,5,5/27,"CRS SOFR (1 년, %)",1.71
2025-05-28,https://mofe.go.kr/st/ecnmyidx/detailTbEconomyIndicatorView.do?bbsId=MOSFBBS_000000000045&searchNttId1=MOSF_000000000073989&menuNo=6010200,4,국제금리 ㆍ주가 ㆍ 가산금리,7,6,5/28,"CRS SOFR (1 년, %)",1.70
2025-05-28,https://mofe.go.kr/st/ecnmyidx/detailTbEconomyIndicatorView.do?bbsId=MOSFBBS_000000000045&searchNttId1=MOSF_000000000073989&menuNo=6010200,4,국제금리 ㆍ주가 ㆍ 가산금리,7,7,전일비,"CRS SOFR (1 년, %)",△0.01
2025-05-28,https://mofe.go.kr/st/ecnmyidx/detailTbEconomyIndicatorView.do?bbsId=MOSFBBS_000000000045&searchNttId1=MOSF_000000000073989&menuNo=6010200,4,국제금리 ㆍ주가 ㆍ 가산금리,7,8,24말비,"CRS SOFR (1 년, %)",△0.62
2025-05-28,https://mofe.go.kr/st/ecnmyidx/detailTbEconomyIndicatorView.do?bbsId=MOSFBBS_000000000045&searchNttId1=MOSF_000000000073989&menuNo=6010200,5,유가 곡물 원자재,0,0,,,
2025-05-28,https://mofe.go.kr/st/ecnmyidx/detailTbEconomyIndicatorView.do?bbsId=MOSFBBS_000000000045&searchNttId1=MOSF_000000000073989&menuNo=6010200,5,유가 곡물 원자재,0,1,,,’ 23말
2025-05-28,https://mofe.go.kr/st/ecnmyidx/detailTbEconomyIndicatorView.do?bbsId=MOSFBBS_000000000045&searchNttId1=MOSF_000000000073989&menuNo=6010200,5,유가 곡물 원자재,0,2,,,’ 24말
2025-05-28,https://mofe.go.kr/st/ecnmyidx/detailTbEconomyIndicatorView.do?bbsId=MOSFBBS_000000000045&searchNttId1=MOSF_000000000073989&menuNo=6010200,5,유가 곡물 원자재,0,3,,,’ 25.4말
2025-05-28,https://mofe.go.kr/st/ecnmyidx/detailTbEconomyIndicatorView.do?bbsId=MOSFBBS_000000000045&searchNttId1=MOSF_000000000073989&menuNo=6010200,5,유가 곡물 원자재,0,4,,,5/23
2025-05-28,https://mofe.go.kr/st/ecnmyidx/detailTbEconomyIndicatorView.do?bbsId=MOSFBBS_000000000045&searchNttId1=MOSF_000000000073989&menuNo=6010200,5,유가 곡물 원자재,0,5,,,5/26
2025-05-28,https://mofe.go.kr/st/ecnmyidx/detailTbEconomyIndicatorView.do?bbsId=MOSFBBS_000000000045&searchNttId1=MOSF_000000000073989&menuNo=6010200,5,유가 곡물 원자재,0,6,,,5/27
2025-05-28,https://mofe.go.kr/st/ecnmyidx/detailTbEconomyIndicatorView.do?bbsId=MOSFBBS_000000000045&searchNttId1=MOSF_000000000073989&menuNo=6010200,5,유가 곡물 원자재,0,7,,,전일비
2025-05-28,https://mofe.go.kr/st/ecnmyidx/detailTbEconomyIndicatorView.do?bbsId=MOSFBBS_000000000045&searchNttId1=MOSF_000000000073989&menuNo=6010200,5,유가 곡물 원자재,0,8,,,24말비
2025-05-28,https://mofe.go.kr/st/ecnmyidx/detailTbEconomyIndicatorView.do?bbsId=MOSFBBS_000000000045&searchNttId1=MOSF_000000000073989&menuNo=6010200,5,유가 곡물 원자재,1,0,,,Dubai ($/ 배럴)
2025-05-28,https://mofe.go.kr/st/ecnmyidx/detailTbEconomyIndicatorView.do?bbsId=MOSFBBS_000000000045&searchNttId1=MOSF_000000000073989&menuNo=6010200,5,유가 곡물 원자재,1,1,’ 23말,Dubai ($/ 배럴),77.08
2025-05-28,https://mofe.go.kr/st/ecnmyidx/detailTbEconomyIndicatorView.do?bbsId=MOSFBBS_000000000045&searchNttId1=MOSF_000000000073989&menuNo=6010200,5,유가 곡물 원자재,1,2,’ 24말,Dubai ($/ 배럴),75.94
2025-05-28,https://mofe.go.kr/st/ecnmyidx/detailTbEconomyIndicatorView.do?bbsId=MOSFBBS_000000000045&searchNttId1=MOSF_000000000073989&menuNo=6010200,5,유가 곡물 원자재,1,3,’ 25.4말,Dubai ($/ 배럴),62.53
2025-05-28,https://mofe.go.kr/st/ecnmyidx/detailTbEconomyIndicatorView.do?bbsId=MOSFBBS_000000000045&searchNttId1=MOSF_000000000073989&menuNo=6010200,5,유가 곡물 원자재,1,4,5/23,Dubai ($/ 배럴),63.21
2025-05-28,https://mofe.go.kr/st/ecnmyidx/detailTbEconomyIndicatorView.do?bbsId=MOSFBBS_000000000045&searchNttId1=MOSF_000000000073989&menuNo=6010200,5,유가 곡물 원자재,1,5,5/26,Dubai ($/ 배럴),63.74
2025-05-28,https://mofe.go.kr/st/ecnmyidx/detailTbEconomyIndicatorView.do?bbsId=MOSFBBS_000000000045&searchNttId1=MOSF_000000000073989&menuNo=6010200,5,유가 곡물 원자재,1,6,5/27,Dubai ($/ 배럴),64.00
2025-05-28,https://mofe.go.kr/st/ecnmyidx/detailTbEconomyIndicatorView.do?bbsId=MOSFBBS_000000000045&searchNttId1=MOSF_000000000073989&menuNo=6010200,5,유가 곡물 원자재,1,7,전일비,Dubai ($/ 배럴),0.41%
2025-05-28,https://mofe.go.kr/st/ecnmyidx/detailTbEconomyIndicatorView.do?bbsId=MOSFBBS_000000000045&searchNttId1=MOSF_000000000073989&menuNo=6010200,5,유가 곡물 원자재,1,8,24말비,Dubai ($/ 배럴),△15.72%
2025-05-28,https://mofe.go.kr/st/ecnmyidx/detailTbEconomyIndicatorView.do?bbsId=MOSFBBS_000000000045&searchNttId1=MOSF_000000000073989&menuNo=6010200,5,유가 곡물 원자재,2,0,,,WTI 선물 ($/배럴)
2025-05-28,https://mofe.go.kr/st/ecnmyidx/detailTbEconomyIndicatorView.do?bbsId=MOSFBBS_000000000045&searchNttId1=MOSF_000000000073989&menuNo=6010200,5,유가 곡물 원자재,2,1,’ 23말,WTI 선물 ($/배럴),71.65
2025-05-28,https://mofe.go.kr/st/ecnmyidx/detailTbEconomyIndicatorView.do?bbsId=MOSFBBS_000000000045&searchNttId1=MOSF_000000000073989&menuNo=6010200,5,유가 곡물 원자재,2,2,’ 24말,WTI 선물 ($/배럴),71.72
2025-05-28,https://mofe.go.kr/st/ecnmyidx/detailTbEconomyIndicatorView.do?bbsId=MOSFBBS_000000000045&searchNttId1=MOSF_000000000073989&menuNo=6010200,5,유가 곡물 원자재,2,3,’ 25.4말,WTI 선물 ($/배럴),58.21
2025-05-28,https://mofe.go.kr/st/ecnmyidx/detailTbEconomyIndicatorView.do?bbsId=MOSFBBS_000000000045&searchNttId1=MOSF_000000000073989&menuNo=6010200,5,유가 곡물 원자재,2,4,5/23,WTI 선물 ($/배럴),61.53
2025-05-28,https://mofe.go.kr/st/ecnmyidx/detailTbEconomyIndicatorView.do?bbsId=MOSFBBS_000000000045&searchNttId1=MOSF_000000000073989&menuNo=6010200,5,유가 곡물 원자재,2,5,5/26,WTI 선물 ($/배럴),휴 장
2025-05-28,https://mofe.go.kr/st/ecnmyidx/detailTbEconomyIndicatorView.do?bbsId=MOSFBBS_000000000045&searchNttId1=MOSF_000000000073989&menuNo=6010200,5,유가 곡물 원자재,2,6,5/27,WTI 선물 ($/배럴),60.89
2025-05-28,https://mofe.go.kr/st/ecnmyidx/detailTbEconomyIndicatorView.do?bbsId=MOSFBBS_000000000045&searchNttId1=MOSF_000000000073989&menuNo=6010200,5,유가 곡물 원자재,2,7,전일비,WTI 선물 ($/배럴),-
2025-05-28,https://mofe.go.kr/st/ecnmyidx/detailTbEconomyIndicatorView.do?bbsId=MOSFBBS_000000000045&searchNttId1=MOSF_000000000073989&menuNo=6010200,5,유가 곡물 원자재,2,8,24말비,WTI 선물 ($/배럴),△15.10%
2025-05-28,https://mofe.go.kr/st/ecnmyidx/detailTbEconomyIndicatorView.do?bbsId=MOSFBBS_000000000045&searchNttId1=MOSF_000000000073989&menuNo=6010200,5,유가 곡물 원자재,3,0,,,밀 (센트/부셀)
2025-05-28,https://mofe.go.kr/st/ecnmyidx/detailTbEconomyIndicatorView.do?bbsId=MOSFBBS_000000000045&searchNttId1=MOSF_000000000073989&menuNo=6010200,5,유가 곡물 원자재,3,1,’ 23말,밀 (센트/부셀),628
2025-05-28,https://mofe.go.kr/st/ecnmyidx/detailTbEconomyIndicatorView.do?bbsId=MOSFBBS_000000000045&searchNttId1=MOSF_000000000073989&menuNo=6010200,5,유가 곡물 원자재,3,2,’ 24말,밀 (센트/부셀),552
2025-05-28,https://mofe.go.kr/st/ecnmyidx/detailTbEconomyIndicatorView.do?bbsId=MOSFBBS_000000000045&searchNttId1=MOSF_000000000073989&menuNo=6010200,5,유가 곡물 원자재,3,3,’ 25.4말,밀 (센트/부셀),531
2025-05-28,https://mofe.go.kr/st/ecnmyidx/detailTbEconomyIndicatorView.do?bbsId=MOSFBBS_000000000045&searchNttId1=MOSF_000000000073989&menuNo=6010200,5,유가 곡물 원자재,3,4,5/23,밀 (센트/부셀),543
2025-05-28,https://mofe.go.kr/st/ecnmyidx/detailTbEconomyIndicatorView.do?bbsId=MOSFBBS_000000000045&searchNttId1=MOSF_000000000073989&menuNo=6010200,5,유가 곡물 원자재,3,5,5/26,밀 (센트/부셀),휴 장
2025-05-28,https://mofe.go.kr/st/ecnmyidx/detailTbEconomyIndicatorView.do?bbsId=MOSFBBS_000000000045&searchNttId1=MOSF_000000000073989&menuNo=6010200,5,유가 곡물 원자재,3,6,5/27,밀 (센트/부셀),529
2025-05-28,https://mofe.go.kr/st/ecnmyidx/detailTbEconomyIndicatorView.do?bbsId=MOSFBBS_000000000045&searchNttId1=MOSF_000000000073989&menuNo=6010200,5,유가 곡물 원자재,3,7,전일비,밀 (센트/부셀),-
2025-05-28,https://mofe.go.kr/st/ecnmyidx/detailTbEconomyIndicatorView.do?bbsId=MOSFBBS_000000000045&searchNttId1=MOSF_000000000073989&menuNo=6010200,5,유가 곡물 원자재,3,8,24말비,밀 (센트/부셀),△4.17%
2025-05-28,https://mofe.go.kr/st/ecnmyidx/detailTbEconomyIndicatorView.do?bbsId=MOSFBBS_000000000045&searchNttId1=MOSF_000000000073989&menuNo=6010200,5,유가 곡물 원자재,4,0,,,옥수수 (센트/부셀)
2025-05-28,https://mofe.go.kr/st/ecnmyidx/detailTbEconomyIndicatorView.do?bbsId=MOSFBBS_000000000045&searchNttId1=MOSF_000000000073989&menuNo=6010200,5,유가 곡물 원자재,4,1,’ 23말,옥수수 (센트/부셀),471
2025-05-28,https://mofe.go.kr/st/ecnmyidx/detailTbEconomyIndicatorView.do?bbsId=MOSFBBS_000000000045&searchNttId1=MOSF_000000000073989&menuNo=6010200,5,유가 곡물 원자재,4,2,’ 24말,옥수수 (센트/부셀),459
2025-05-28,https://mofe.go.kr/st/ecnmyidx/detailTbEconomyIndicatorView.do?bbsId=MOSFBBS_000000000045&searchNttId1=MOSF_000000000073989&menuNo=6010200,5,유가 곡물 원자재,4,3,’ 25.4말,옥수수 (센트/부셀),476
2025-05-28,https://mofe.go.kr/st/ecnmyidx/detailTbEconomyIndicatorView.do?bbsId=MOSFBBS_000000000045&searchNttId1=MOSF_000000000073989&menuNo=6010200,5,유가 곡물 원자재,4,4,5/23,옥수수 (센트/부셀),460
2025-05-28,https://mofe.go.kr/st/ecnmyidx/detailTbEconomyIndicatorView.do?bbsId=MOSFBBS_000000000045&searchNttId1=MOSF_000000000073989&menuNo=6010200,5,유가 곡물 원자재,4,5,5/26,옥수수 (센트/부셀),휴 장
2025-05-28,https://mofe.go.kr/st/ecnmyidx/detailTbEconomyIndicatorView.do?bbsId=MOSFBBS_000000000045&searchNttId1=MOSF_000000000073989&menuNo=6010200,5,유가 곡물 원자재,4,6,5/27,옥수수 (센트/부셀),460
2025-05-28,https://mofe.go.kr/st/ecnmyidx/detailTbEconomyIndicatorView.do?bbsId=MOSFBBS_000000000045&searchNttId1=MOSF_000000000073989&menuNo=6010200,5,유가 곡물 원자재,4,7,전일비,옥수수 (센트/부셀),-
2025-05-28,https://mofe.go.kr/st/ecnmyidx/detailTbEconomyIndicatorView.do?bbsId=MOSFBBS_000000000045&searchNttId1=MOSF_000000000073989&menuNo=6010200,5,유가 곡물 원자재,4,8,24말비,옥수수 (센트/부셀),0.22%
2025-05-28,https://mofe.go.kr/st/ecnmyidx/detailTbEconomyIndicatorView.do?bbsId=MOSFBBS_000000000045&searchNttId1=MOSF_000000000073989&menuNo=6010200,5,유가 곡물 원자재,5,0,,,동 ($/톤)
2025-05-28,https://mofe.go.kr/st/ecnmyidx/detailTbEconomyIndicatorView.do?bbsId=MOSFBBS_000000000045&searchNttId1=MOSF_000000000073989&menuNo=6010200,5,유가 곡물 원자재,5,1,’ 23말,동 ($/톤),"8,476"
2025-05-28,https://mofe.go.kr/st/ecnmyidx/detailTbEconomyIndicatorView.do?bbsId=MOSFBBS_000000000045&searchNttId1=MOSF_000000000073989&menuNo=6010200,5,유가 곡물 원자재,5,2,’ 24말,동 ($/톤),"8,706"
2025-05-28,https://mofe.go.kr/st/ecnmyidx/detailTbEconomyIndicatorView.do?bbsId=MOSFBBS_000000000045&searchNttId1=MOSF_000000000073989&menuNo=6010200,5,유가 곡물 원자재,5,3,’ 25.4말,동 ($/톤),"9,204"
2025-05-28,https://mofe.go.kr/st/ecnmyidx/detailTbEconomyIndicatorView.do?bbsId=MOSFBBS_000000000045&searchNttId1=MOSF_000000000073989&menuNo=6010200,5,유가 곡물 원자재,5,4,5/23,동 ($/톤),"9,595"
2025-05-28,https://mofe.go.kr/st/ecnmyidx/detailTbEconomyIndicatorView.do?bbsId=MOSFBBS_000000000045&searchNttId1=MOSF_000000000073989&menuNo=6010200,5,유가 곡물 원자재,5,5,5/26,동 ($/톤),휴 장
2025-05-28,https://mofe.go.kr/st/ecnmyidx/detailTbEconomyIndicatorView.do?bbsId=MOSFBBS_000000000045&searchNttId1=MOSF_000000000073989&menuNo=6010200,5,유가 곡물 원자재,5,6,5/27,동 ($/톤),"9,653"
2025-05-28,https://mofe.go.kr/st/ecnmyidx/detailTbEconomyIndicatorView.do?bbsId=MOSFBBS_000000000045&searchNttId1=MOSF_000000000073989&menuNo=6010200,5,유가 곡물 원자재,5,7,전일비,동 ($/톤),-
2025-05-28,https://mofe.go.kr/st/ecnmyidx/detailTbEconomyIndicatorView.do?bbsId=MOSFBBS_000000000045&searchNttId1=MOSF_000000000073989&menuNo=6010200,5,유가 곡물 원자재,5,8,24말비,동 ($/톤),10.88%
2025-05-28,https://mofe.go.kr/st/ecnmyidx/detailTbEconomyIndicatorView.do?bbsId=MOSFBBS_000000000045&searchNttId1=MOSF_000000000073989&menuNo=6010200,5,유가 곡물 원자재,6,0,,,알루미늄 ($/톤)
2025-05-28,https://mofe.go.kr/st/ecnmyidx/detailTbEconomyIndicatorView.do?bbsId=MOSFBBS_000000000045&searchNttId1=MOSF_000000000073989&menuNo=6010200,5,유가 곡물 원자재,6,1,’ 23말,알루미늄 ($/톤),"2,336"
2025-05-28,https://mofe.go.kr/st/ecnmyidx/detailTbEconomyIndicatorView.do?bbsId=MOSFBBS_000000000045&searchNttId1=MOSF_000000000073989&menuNo=6010200,5,유가 곡물 원자재,6,2,’ 24말,알루미늄 ($/톤),"2,517"
2025-05-28,https://mofe.go.kr/st/ecnmyidx/detailTbEconomyIndicatorView.do?bbsId=MOSFBBS_000000000045&searchNttId1=MOSF_000000000073989&menuNo=6010200,5,유가 곡물 원자재,6,3,’ 25.4말,알루미늄 ($/톤),"2,405"
2025-05-28,https://mofe.go.kr/st/ecnmyidx/detailTbEconomyIndicatorView.do?bbsId=MOSFBBS_000000000045&searchNttId1=MOSF_000000000073989&menuNo=6010200,5,유가 곡물 원자재,6,4,5/23,알루미늄 ($/톤),"2,437"
2025-05-28,https://mofe.go.kr/st/ecnmyidx/detailTbEconomyIndicatorView.do?bbsId=MOSFBBS_000000000045&searchNttId1=MOSF_000000000073989&menuNo=6010200,5,유가 곡물 원자재,6,5,5/26,알루미늄 ($/톤),휴 장
2025-05-28,https://mofe.go.kr/st/ecnmyidx/detailTbEconomyIndicatorView.do?bbsId=MOSFBBS_000000000045&searchNttId1=MOSF_000000000073989&menuNo=6010200,5,유가 곡물 원자재,6,6,5/27,알루미늄 ($/톤),"2,471"
2025-05-28,https://mofe.go.kr/st/ecnmyidx/detailTbEconomyIndicatorView.do?bbsId=MOSFBBS_000000000045&searchNttId1=MOSF_000000000073989&menuNo=6010200,5,유가 곡물 원자재,6,7,전일비,알루미늄 ($/톤),-
2025-05-28,https://mofe.go.kr/st/ecnmyidx/detailTbEconomyIndicatorView.do?bbsId=MOSFBBS_000000000045&searchNttId1=MOSF_000000000073989&menuNo=6010200,5,유가 곡물 원자재,6,8,24말비,알루미늄 ($/톤),△1.83%
2025-05-28,https://mofe.go.kr/st/ecnmyidx/detailTbEconomyIndicatorView.do?bbsId=MOSFBBS_000000000045&searchNttId1=MOSF_000000000073989&menuNo=6010200,6,반도체,0,0,,,
2025-05-28,https://mofe.go.kr/st/ecnmyidx/detailTbEconomyIndicatorView.do?bbsId=MOSFBBS_000000000045&searchNttId1=MOSF_000000000073989&menuNo=6010200,6,반도체,0,1,,,’ 23말
2025-05-28,https://mofe.go.kr/st/ecnmyidx/detailTbEconomyIndicatorView.do?bbsId=MOSFBBS_000000000045&searchNttId1=MOSF_000000000073989&menuNo=6010200,6,반도체,0,2,,,’ 24.12말
2025-05-28,https://mofe.go.kr/st/ecnmyidx/detailTbEconomyIndicatorView.do?bbsId=MOSFBBS_000000000045&searchNttId1=MOSF_000000000073989&menuNo=6010200,6,반도체,0,3,,,’ 25.2말
2025-05-28,https://mofe.go.kr/st/ecnmyidx/detailTbEconomyIndicatorView.do?bbsId=MOSFBBS_000000000045&searchNttId1=MOSF_000000000073989&menuNo=6010200,6,반도체,0,4,,,’ 25.3말
2025-05-28,https://mofe.go.kr/st/ecnmyidx/detailTbEconomyIndicatorView.do?bbsId=MOSFBBS_000000000045&searchNttId1=MOSF_000000000073989&menuNo=6010200,6,반도체,0,5,,,’ 25.4말
2025-05-28,https://mofe.go.kr/st/ecnmyidx/detailTbEconomyIndicatorView.do?bbsId=MOSFBBS_000000000045&searchNttId1=MOSF_000000000073989&menuNo=6010200,6,반도체,0,6,,,5/23
2025-05-28,https://mofe.go.kr/st/ecnmyidx/detailTbEconomyIndicatorView.do?bbsId=MOSFBBS_000000000045&searchNttId1=MOSF_000000000073989&menuNo=6010200,6,반도체,0,7,,,5/26
2025-05-28,https://mofe.go.kr/st/ecnmyidx/detailTbEconomyIndicatorView.do?bbsId=MOSFBBS_000000000045&searchNttId1=MOSF_000000000073989&menuNo=6010200,6,반도체,0,8,,,5/27
2025-05-28,https://mofe.go.kr/st/ecnmyidx/detailTbEconomyIndicatorView.do?bbsId=MOSFBBS_000000000045&searchNttId1=MOSF_000000000073989&menuNo=6010200,6,반도체,0,9,,,5월( ∼27)
2025-05-28,https://mofe.go.kr/st/ecnmyidx/detailTbEconomyIndicatorView.do?bbsId=MOSFBBS_000000000045&searchNttId1=MOSF_000000000073989&menuNo=6010200,6,반도체,1,0,,,"D 램(8 G) 현물가($, 기간평균)"
2025-05-28,https://mofe.go.kr/st/ecnmyidx/detailTbEconomyIndicatorView.do?bbsId=MOSFBBS_000000000045&searchNttId1=MOSF_000000000073989&menuNo=6010200,6,반도체,1,1,’ 23말,"D 램(8 G) 현물가($, 기간평균)",1.74
2025-05-28,https://mofe.go.kr/st/ecnmyidx/detailTbEconomyIndicatorView.do?bbsId=MOSFBBS_000000000045&searchNttId1=MOSF_000000000073989&menuNo=6010200,6,반도체,1,2,’ 24.12말,"D 램(8 G) 현물가($, 기간평균)",1.75
2025-05-28,https://mofe.go.kr/st/ecnmyidx/detailTbEconomyIndicatorView.do?bbsId=MOSFBBS_000000000045&searchNttId1=MOSF_000000000073989&menuNo=6010200,6,반도체,1,3,’ 25.2말,"D 램(8 G) 현물가($, 기간평균)",1.73
2025-05-28,https://mofe.go.kr/st/ecnmyidx/detailTbEconomyIndicatorView.do?bbsId=MOSFBBS_000000000045&searchNttId1=MOSF_000000000073989&menuNo=6010200,6,반도체,1,4,’ 25.3말,"D 램(8 G) 현물가($, 기간평균)",1.92
2025-05-28,https://mofe.go.kr/st/ecnmyidx/detailTbEconomyIndicatorView.do?bbsId=MOSFBBS_000000000045&searchNttId1=MOSF_000000000073989&menuNo=6010200,6,반도체,1,5,’ 25.4말,"D 램(8 G) 현물가($, 기간평균)",2.05
2025-05-28,https://mofe.go.kr/st/ecnmyidx/detailTbEconomyIndicatorView.do?bbsId=MOSFBBS_000000000045&searchNttId1=MOSF_000000000073989&menuNo=6010200,6,반도체,1,6,5/23,"D 램(8 G) 현물가($, 기간평균)",2.51
2025-05-28,https://mofe.go.kr/st/ecnmyidx/detailTbEconomyIndicatorView.do?bbsId=MOSFBBS_000000000045&searchNttId1=MOSF_000000000073989&menuNo=6010200,6,반도체,1,7,5/26,"D 램(8 G) 현물가($, 기간평균)",2.57
2025-05-28,https://mofe.go.kr/st/ecnmyidx/detailTbEconomyIndicatorView.do?bbsId=MOSFBBS_000000000045&searchNttId1=MOSF_000000000073989&menuNo=6010200,6,반도체,1,8,5/27,"D 램(8 G) 현물가($, 기간평균)",2.62
2025-05-28,https://mofe.go.kr/st/ecnmyidx/detailTbEconomyIndicatorView.do?bbsId=MOSFBBS_000000000045&searchNttId1=MOSF_000000000073989&menuNo=6010200,6,반도체,1,9,5월( ∼27),"D 램(8 G) 현물가($, 기간평균)",2.36
2025-05-28,https://mofe.go.kr/st/ecnmyidx/detailTbEconomyIndicatorView.do?bbsId=MOSFBBS_000000000045&searchNttId1=MOSF_000000000073989&menuNo=6010200,6,반도체,2,0,,,"(%, YoY)"
2025-05-28,https://mofe.go.kr/st/ecnmyidx/detailTbEconomyIndicatorView.do?bbsId=MOSFBBS_000000000045&searchNttId1=MOSF_000000000073989&menuNo=6010200,6,반도체,2,1,’ 23말,"(%, YoY)",△14.8
2025-05-28,https://mofe.go.kr/st/ecnmyidx/detailTbEconomyIndicatorView.do?bbsId=MOSFBBS_000000000045&searchNttId1=MOSF_000000000073989&menuNo=6010200,6,반도체,2,2,’ 24.12말,"(%, YoY)",0.5
2025-05-28,https://mofe.go.kr/st/ecnmyidx/detailTbEconomyIndicatorView.do?bbsId=MOSFBBS_000000000045&searchNttId1=MOSF_000000000073989&menuNo=6010200,6,반도체,2,3,’ 25.2말,"(%, YoY)",△11.1
2025-05-28,https://mofe.go.kr/st/ecnmyidx/detailTbEconomyIndicatorView.do?bbsId=MOSFBBS_000000000045&searchNttId1=MOSF_000000000073989&menuNo=6010200,6,반도체,2,4,’ 25.3말,"(%, YoY)",0.0
2025-05-28,https://mofe.go.kr/st/ecnmyidx/detailTbEconomyIndicatorView.do?bbsId=MOSFBBS_000000000045&searchNttId1=MOSF_000000000073989&menuNo=6010200,6,반도체,2,5,’ 25.4말,"(%, YoY)",4.9
2025-05-28,https://mofe.go.kr/st/ecnmyidx/detailTbEconomyIndicatorView.do?bbsId=MOSFBBS_000000000045&searchNttId1=MOSF_000000000073989&menuNo=6010200,6,반도체,2,6,5/23,"(%, YoY)",30.7
2025-05-28,https://mofe.go.kr/st/ecnmyidx/detailTbEconomyIndicatorView.do?bbsId=MOSFBBS_000000000045&searchNttId1=MOSF_000000000073989&menuNo=6010200,6,반도체,2,7,5/26,"(%, YoY)",34.0
2025-05-28,https://mofe.go.kr/st/ecnmyidx/detailTbEconomyIndicatorView.do?bbsId=MOSFBBS_000000000045&searchNttId1=MOSF_000000000073989&menuNo=6010200,6,반도체,2,8,5/27,"(%, YoY)",37.0
2025-05-28,https://mofe.go.kr/st/ecnmyidx/detailTbEconomyIndicatorView.do?bbsId=MOSFBBS_000000000045&searchNttId1=MOSF_000000000073989&menuNo=6010200,6,반도체,2,9,5월( ∼27),"(%, YoY)",22.5
2025-05-28,https://mofe.go.kr/st/ecnmyidx/detailTbEconomyIndicatorView.do?bbsId=MOSFBBS_000000000045&searchNttId1=MOSF_000000000073989&menuNo=6010200,6,반도체,3,0,,,"낸드(128 G) 현물가($, 기간평균)"
2025-05-28,https://mofe.go.kr/st/ecnmyidx/detailTbEconomyIndicatorView.do?bbsId=MOSFBBS_000000000045&searchNttId1=MOSF_000000000073989&menuNo=6010200,6,반도체,3,1,’ 23말,"낸드(128 G) 현물가($, 기간평균)",6.38
2025-05-28,https://mofe.go.kr/st/ecnmyidx/detailTbEconomyIndicatorView.do?bbsId=MOSFBBS_000000000045&searchNttId1=MOSF_000000000073989&menuNo=6010200,6,반도체,3,2,’ 24.12말,"낸드(128 G) 현물가($, 기간평균)",6.63
2025-05-28,https://mofe.go.kr/st/ecnmyidx/detailTbEconomyIndicatorView.do?bbsId=MOSFBBS_000000000045&searchNttId1=MOSF_000000000073989&menuNo=6010200,6,반도체,3,3,’ 25.2말,"낸드(128 G) 현물가($, 기간평균)",6.62
2025-05-28,https://mofe.go.kr/st/ecnmyidx/detailTbEconomyIndicatorView.do?bbsId=MOSFBBS_000000000045&searchNttId1=MOSF_000000000073989&menuNo=6010200,6,반도체,3,4,’ 25.3말,"낸드(128 G) 현물가($, 기간평균)",6.85
2025-05-28,https://mofe.go.kr/st/ecnmyidx/detailTbEconomyIndicatorView.do?bbsId=MOSFBBS_000000000045&searchNttId1=MOSF_000000000073989&menuNo=6010200,6,반도체,3,5,’ 25.4말,"낸드(128 G) 현물가($, 기간평균)",7.15
2025-05-28,https://mofe.go.kr/st/ecnmyidx/detailTbEconomyIndicatorView.do?bbsId=MOSFBBS_000000000045&searchNttId1=MOSF_000000000073989&menuNo=6010200,6,반도체,3,6,5/23,"낸드(128 G) 현물가($, 기간평균)",7.40
2025-05-28,https://mofe.go.kr/st/ecnmyidx/detailTbEconomyIndicatorView.do?bbsId=MOSFBBS_000000000045&searchNttId1=MOSF_000000000073989&menuNo=6010200,6,반도체,3,7,5/26,"낸드(128 G) 현물가($, 기간평균)",7.54
2025-05-28,https://mofe.go.kr/st/ecnmyidx/detailTbEconomyIndicatorView.do?bbsId=MOSFBBS_000000000045&searchNttId1=MOSF_000000000073989&menuNo=6010200,6,반도체,3,8,5/27,"낸드(128 G) 현물가($, 기간평균)",7.54
2025-05-28,https://mofe.go.kr/st/ecnmyidx/detailTbEconomyIndicatorView.do?bbsId=MOSFBBS_000000000045&searchNttId1=MOSF_000000000073989&menuNo=6010200,6,반도체,3,9,5월( ∼27),"낸드(128 G) 현물가($, 기간평균)",7.31
2025-05-28,https://mofe.go.kr/st/ecnmyidx/detailTbEconomyIndicatorView.do?bbsId=MOSFBBS_000000000045&searchNttId1=MOSF_000000000073989&menuNo=6010200,6,반도체,4,0,,,"(%, YoY)"
2025-05-28,https://mofe.go.kr/st/ecnmyidx/detailTbEconomyIndicatorView.do?bbsId=MOSFBBS_000000000045&searchNttId1=MOSF_000000000073989&menuNo=6010200,6,반도체,4,1,’ 23말,"(%, YoY)",△2.3
2025-05-28,https://mofe.go.kr/st/ecnmyidx/detailTbEconomyIndicatorView.do?bbsId=MOSFBBS_000000000045&searchNttId1=MOSF_000000000073989&menuNo=6010200,6,반도체,4,2,’ 24.12말,"(%, YoY)",3.9
2025-05-28,https://mofe.go.kr/st/ecnmyidx/detailTbEconomyIndicatorView.do?bbsId=MOSFBBS_000000000045&searchNttId1=MOSF_000000000073989&menuNo=6010200,6,반도체,4,3,’ 25.2말,"(%, YoY)",3.2
2025-05-28,https://mofe.go.kr/st/ecnmyidx/detailTbEconomyIndicatorView.do?bbsId=MOSFBBS_000000000045&searchNttId1=MOSF_000000000073989&menuNo=6010200,6,반도체,4,4,’ 25.3말,"(%, YoY)",7.0
2025-05-28,https://mofe.go.kr/st/ecnmyidx/detailTbEconomyIndicatorView.do?bbsId=MOSFBBS_000000000045&searchNttId1=MOSF_000000000073989&menuNo=6010200,6,반도체,4,5,’ 25.4말,"(%, YoY)",11.9
2025-05-28,https://mofe.go.kr/st/ecnmyidx/detailTbEconomyIndicatorView.do?bbsId=MOSFBBS_000000000045&searchNttId1=MOSF_000000000073989&menuNo=6010200,6,반도체,4,6,5/23,"(%, YoY)",15.9
2025-05-28,https://mofe.go.kr/st/ecnmyidx/detailTbEconomyIndicatorView.do?bbsId=MOSFBBS_000000000045&searchNttId1=MOSF_000000000073989&menuNo=6010200,6,반도체,4,7,5/26,"(%, YoY)",18.1
2025-05-28,https://mofe.go.kr/st/ecnmyidx/detailTbEconomyIndicatorView.do?bbsId=MOSFBBS_000000000045&searchNttId1=MOSF_000000000073989&menuNo=6010200,6,반도체,4,8,5/27,"(%, YoY)",18.2
2025-05-28,https://mofe.go.kr/st/ecnmyidx/detailTbEconomyIndicatorView.do?bbsId=MOSFBBS_000000000045&searchNttId1=MOSF_000000000073989&menuNo=6010200,6,반도체,4,9,5월( ∼27),"(%, YoY)",14.4
